1.120521508203634,0.9662791572036196
1.001221380442136,0.7283044608933181
0.7930143221249837,1.3758415769757169
1.13702454266312,0.7854334546263084
1.0217527124774304,0.6917759913078755
0.7214978846974642,1.1674197035170741
0.899320601064285,1.1990026864289933
0.7881881111683001,1.2818104429970165
0.7291752198306709,1.1560092073224733
1.1428970021933291,1.1791116647312205
1.1085238363997558,0.8495729162831099
0.8031100413238894,1.3718385366005308
1.2286251587882315,0.9992590706328202
1.1877078072210967,0.7739588233048681
1.1213715267894457,1.027088473050771
1.0236322897021797,1.0997726989695267
0.9630617799154524,1.0656845435810807
0.8299270937101272,0.6561004463434152
0.9040395944686893,1.0356383097245485
1.2788027211159871,1.1139155214183583
0.6173525957930126,0.7938587960038541
1.1064497796949262,0.8502396513362517
0.8127633756501969,0.8381540358829704
1.0898029699189236,0.9189040558522588
1.1904784881505845,1.1364469825639254
0.7509994494961147,1.2826232860316966
1.2189611485298055,1.1748986210604533
1.0765068619866802,1.3590991233805148
1.0177104761720022,0.8451794174979079
1.0160614451054948,1.206869953749861
0.7631624251801421,0.8074965112346622
1.0351552460674285,1.1244158475170911
1.0289153224828949,1.0716834373645798
1.0260317881410568,0.9960622463220066
0.7533527657644374,1.0351306723457847
0.8373857470754333,0.9948901955933707
0.9136356304345545,1.099161582978844
1.0468135532857286,0.8364184875598839
1.1214703864256657,1.0260312132026297
0.9356352501649219,0.6074211169564075
1.3368885861045254,0.9136678691559972
1.3755177004223338,1.2874317597033489
1.3090690307712092,1.0497530731171565
0.9787456217137944,1.067461499815067
1.1518580890490204,1.3417352861469904
0.9612971155788128,1.1353997921732386
1.3230607638826113,1.0407330741672869
0.9440606822435583,0.9686605603829841
1.0372551754406816,1.2248243227030793
1.145425100807083,1.182384044215168
1.107879918441812,0.7197308453271548
1.3341206542603492,0.7181643619778364
0.7795159274563401,0.859828820026481
1.2236255061291126,0.7889570805897216
0.7365809857626967,0.9499704865567851
0.7908833370494439,0.9689220870875539
0.9673108536446918,0.7329961328829429
1.2005046007323548,1.3867665086101275
0.6701530338920751,0.683909998987477
0.8694382545120992,1.33176624276849
1.2196144058098946,1.2804330074770527
1.3927766126859575,0.6988636654784939
1.175989681932394,0.7491039790754976
1.0165023728302094,1.3051392122427248
0.9981886878905477,1.0581400030339472
0.6993793049415603,0.776815583849933
0.946378898702493,1.016457947035295
0.9936476334296165,1.172855848643402
0.7111660524842635,1.2906824858680839
1.2928864934658226,0.6969644509334779
1.3744660870435506,1.169112913872209
0.6073761602287056,1.3276993720855796
0.9276591158162439,0.8111916796154545
0.7037551035111889,0.6459304510667466
1.3668038088773602,0.6238108100071991
0.6527782502445401,1.0641084270083563
0.7045564366699625,1.0654476849732775
1.2077685638700424,0.7306337110020159
1.228380212604967,0.8714805550087763
1.1935994609732168,0.7535983668989488
0.6677914166800785,1.2314113117734102
1.1834878114803984,1.0608392362670038
1.3503980243067142,1.0503647607859687
0.9761930987721932,1.3510081960466067
1.1275677369206107,0.8630472380317136
1.1910908574408596,0.6630791706856486
1.2877094217918565,1.2711217536746033
0.8824892938641291,0.9833628030388912
1.2900933201922224,0.8724843760199528
1.2540512365975085,1.3475620810693238
0.7426278894301537,1.0319134914738766
1.2140186147888414,0.9756579946367794
0.9360867418968561,1.2935590806229387
0.8459912177908387,1.2598066200170723
0.6200518649691207,0.6747324493941339
1.0781210652706468,0.6798323803009881
0.8839893920599633,0.9417134894325365
0.8251048235017059,1.0974219068677602
1.3070595138489898,1.0210143735398554
1.2526460408541256,1.2851576021755837
1.0625558367778773,1.1078374898719066
0.6748310319699679,1.2687287993196734
0.6005157137181037,1.3389060393894192
1.2372358698876924,0.7723884270673591
0.7320792525839386,1.3890758685582223
0.6541536485175486,1.2666191308064048
0.8016241377722713,1.315425120263307
0.6093061443990019,0.6937018037586098
1.3142495640210574,0.9898293496453345
0.861074938061618,1.3190372342546284
0.6653812705369225,1.2608239839723954
1.333634228501767,0.9722632923629642
1.0318808185729662,0.9190507276821056
0.9753785710940733,0.8744833430232122
0.7338647650122284,0.6623800858330622
1.3057522630466771,0.8732810664170841
0.8393720065863981,1.2946135177185485
0.7117480222345767,1.0858117233491484
1.037601275067769,1.2432737220795524
0.8027476094258298,0.8296083615442043
1.1680977362825822,0.7034699738257169
0.9834539207543305,0.7391437412740016
0.9795495122840241,0.7417685051315324
1.1722525687017127,1.1198897856945087
1.3651152859476952,1.3482261209227036
1.094715546380534,1.1375704751124047
1.1533090016896859,0.6705710814479278
1.2090797274538772,1.364305154820966
0.9693441288155726,1.3415492853016657
0.7907384277396262,1.2591983619414213
1.2888267056744063,0.7717301216739462
0.7564714018452611,1.1047179768237734
1.1632990505845995,0.6974272951030401
0.8405772116645314,1.3993815918566785
0.9828044344031404,0.8562922854268392
0.7526985240079048,0.74882997510592
0.9639943319396951,1.257267751363273
0.7687942441892995,0.9822803722887345
1.1848020744380279,1.084368111110007
1.2443002826101108,0.8334173622548471
0.9139236376523715,0.6742415890414248
0.7845235364549674,0.6595002652590776
1.2663915388974503,0.8302441587363601
0.6100091119590039,0.8482574461033481
0.9821321575858557,0.7522440430694856
0.6165659152528654,1.2989203732123573
0.7245538316630686,0.780736606505966
1.3040241093909914,1.217341486480161
0.9155099856577815,1.0817905569830062
1.3740824022816722,1.1925518605126486
1.0610110204107726,0.7525034532735052
0.6959916900124443,0.7280590207252695
1.3552029421620089,0.813829042490098
1.325473398094959,0.7798410321281023
1.3010894093838556,0.9096904499776348
0.6453222374242609,1.149756660973295
0.6204686557786023,1.377970674847081
1.0440213622160401,0.9059791714602432
1.3115467776570253,0.6194283416693036
0.6481446285714496,1.1434247419343617
1.162184539680502,1.3465859192515448
1.048749768774872,1.136887564434586
0.7632331451792554,1.0517992342297022
0.7423340114728202,0.7828074750796082
1.0975797546005395,0.7579127703051302
1.3324786340784989,0.9037573359230571
1.0534814113043753,1.2413046409804487
1.363503548050395,1.0039602049472542
0.7782573149411083,0.8879527710081673
0.8868061724677934,0.8680682703248086
1.156476463289208,0.7855188742618171
0.9249925338772895,0.955862370445093
0.7244660687805574,0.6636564895654979
0.837132811025772,1.031084530487786
1.1998361958274142,0.6662719153599757
1.137854350853568,0.8083377399153504
1.190178497388176,1.1147602126785614
0.8037396563171362,1.2438595165432167
0.7505319503700068,0.7190175860222237
1.0513999764205153,1.1296962659694048
1.1183537750040915,0.87295357707249
1.3730198335041808,1.2624692569988192
1.248360604423271,1.108240755795458
1.3148466345990983,1.297573268751728
0.9409455637385598,1.3357146488566563
1.096863576799097,0.8328620976900487
1.1348518150127478,1.053603116739772
0.6324557913175063,1.0143200343902603
0.9372422942149714,0.9523258769749994
0.8495685858762061,1.005241880501075
0.8762524215033383,1.1938123805703729
1.0924610646191066,0.8423327825144735
1.0548526969883547,0.6601663348226111
1.1798440435426008,1.29384900203511
1.1796493287646923,1.2484067197496598
1.0507185082592652,1.2272216957984927
0.9960222775945482,0.6068445097588766
1.2190449910769612,0.676818177100172
1.12337561649021,0.7640948914588969
1.0314399376009218,0.8040107447486387
0.6683208871709021,1.2495987168660494
0.859277271170908,0.76707501724247
0.7268606922008234,1.0857035775386064
1.1870342863717003,0.966779881249672
1.247805406146714,0.7340255169244374
1.3562862701591212,0.7005821418511686
1.2187229808471793,0.9938027285247593
0.7336655965791594,1.0961950897807058
1.2121757123842207,0.8330754075240283
1.3520179794785256,0.8355121547571115
1.2986496886973824,0.6731960799068636
0.9974862933189543,0.9760510441245183
0.9785879125172517,1.0765168166168428
0.8389239288576119,0.6461755377209317
0.8489264596897292,1.2117364706196883
1.1228552670790792,1.1798531822222356
1.103471389255148,0.9604285689346803
0.8505150191455825,1.0314862838794225
1.3692608211040174,0.7968102991843962
1.2312368554132158,0.8842651105546406
1.0136228564906935,1.1623614113604899
1.212692936149069,1.3331979917439924
0.7894178822979235,0.9414906368457052
0.6938343533546565,1.270638174067215
0.8240481841911338,1.1826625491885108
1.1422567862779038,1.3798553093853547
0.8087496663104443,0.7059453421229382
1.3575456160597326,0.7483050668426607
1.0998950190685723,0.602103702316215
1.197786783169474,1.3368711087954868
0.7599768720309289,1.1132734490823377
1.0153375940039362,1.3293280344764509
1.2104310921944554,0.669188817558263
0.7203152295562893,1.0383337083825608
0.6505414615522321,0.8114724945328653
0.7691842587607219,0.8820721332413152
0.6626584823865522,1.1249063856977157
1.312126263004831,1.0106192473459514
1.0644542755603688,1.223812520721491
1.0631706056258574,1.242539225535284
1.0145155891242181,1.3337732743492667
1.1164259768724043,1.0643608572442573
1.374878118946794,0.8429943279302023
1.3753483365129884,1.256874391170597
0.8594887501046744,1.199410867409758
1.2557071172626901,1.2770051930013278
1.272507968057939,0.6621220523892372
1.0642167687415303,0.9852212672036808
1.0710618322670171,1.0289364176756155
0.7435579529123084,1.0121399440315237
