0.8422995221405553,0.6132362823399906
0.7706612922758881,1.1475219869366846
0.8888160871847643,1.1058184675591307
0.682883101325928,1.1231801987716077
0.9765561860049934,1.355204426437846
0.8075100803519305,1.206983166424496
0.6269142778891792,1.2729243893148818
0.6766170771251686,1.379516587599485
0.7558883504279247,0.7704906664144124
0.7056900543355336,0.8070348983708477
0.700557471773954,0.7830114698333892
1.120706970509773,0.8917455698468939
1.0366510282300436,1.1208199783188597
1.1928577276519459,1.3744443769635049
1.0539303155257675,1.0003762602204858
1.0641275825099807,0.7128686900761124
1.1500605560859836,0.8785479567969302
0.7149315714533373,0.8943284630704682
1.359285049703226,1.276927815759783
0.7194901705655581,0.7413040992073976
0.786881229933744,0.9717776906437863
0.9508758917323897,1.0328838589333273
1.0665580809936648,0.9491412375704175
0.7052885774518868,1.2992495842504648
1.2056853548422097,1.1431356751011785
1.0053576540646412,0.7031934747476883
0.7089851291349409,0.8968032045397223
1.3096067497464952,1.1809587659773664
0.8987596875333868,0.8162712704850736
0.7863467412093977,0.9837817572319931
1.3057689661351042,1.2009844956027829
0.6972468692589011,1.2302880167265862
0.6310277224958841,1.2553187508235109
1.1542141658362475,0.987821125902058
1.2652921646112854,1.2107935891311292
0.7889333366723872,1.1905178613709375
1.2362561341943057,1.2225924811312479
0.8437598470336409,0.9478530039893116
0.9173925258026984,1.0437198435203325
0.7485971775628703,1.179231686642519
1.3190873076257936,0.9637333035383088
1.1171677561482003,1.2469260901590962
0.7124914255738969,0.9408982406064718
0.8008719573925841,1.2584671355461472
1.1172972967248938,0.7744869231282471
1.1887334377692294,0.7088557685407496
1.2535538569330735,1.132630431520222
0.9716870874709644,1.0585023405865939
0.799333071461066,0.7503486724707606
0.9001045893387312,0.8848467385466908
0.8918298671007601,1.2493314248713925
0.95940818100246,0.8720330948979284
1.337978733262884,0.700732696732124
0.9474501615782476,1.2633707049726879
1.0566699441781937,0.738769143484773
1.2870180490373833,1.3002751950840084
0.9888808700831568,1.1009828727145607
0.9186406233358305,0.6556176619572721
0.8138310717935688,0.6711539530723708
1.115628351385022,1.394664739505986
1.0234264691191,1.1851357841175285
1.0297418263615583,1.1523406023479659
0.8247131381786618,1.048504735623984
0.9792370968875856,0.7148744232398635
0.8699160132504662,0.9492885336487047
0.8200803211383508,0.6229759378375784
1.2524928063578713,1.2702779228601613
0.9405878452723391,0.7122795326832194
1.2208357290636198,0.6050578371254145
1.1470873635485934,0.8478288493623137
0.752316790758845,0.9105271513265236
1.1254930107419154,0.704188769029735
1.2786959023864632,1.1906036183898556
0.6144175438608561,1.3270554539560693
0.6411541046899627,0.6414650881019495
0.7239283602254486,1.050795517067831
0.7910919629087112,0.7008165470768344
0.6140015242069882,0.8829133675154566
1.02240637229791,1.050024558500761
1.083386399551162,1.1470761332242971
0.8910252699133977,0.7964627956561852
0.8753100869841924,1.09881234673737
1.2947695458124981,1.1769455468900913
0.9106830355300133,1.0957997950265779
0.6865310881878898,1.0110213619968769
1.2105890172775637,0.8401887686255669
0.954821424141114,0.7338996595731286
1.0472745688179899,1.074538758899661
1.335568294664629,1.1977986802952718
1.389736865769027,1.0756551517308228
0.7921351174975704,0.6771850218621048
1.3960108266684512,0.6206116455792208
1.011151295537166,0.6881548185763284
1.290664773228087,1.3479663997061921
0.9411354102224402,0.7479162813326586
0.8678022170822659,1.1892269652488925
0.7972199234847107,0.6801622993628624
1.2504541500554094,1.2040271864387084
0.7940649476370527,0.986643769399606
0.7468193425861008,0.7738083823976357
0.961751811753983,0.859042481960257
0.8158850834772325,1.2623557966727008
0.7432615509198347,0.8567642317234387
0.7009562571236613,0.8350424293461808
0.9780283422932625,0.6592409642085589
0.8342599160013191,0.9068952622456083
1.1121035807826818,0.8056529471671849
0.7049718531472409,0.825476885748273
0.7144128706963039,0.8524039116913322
1.200103449785491,0.9607953225075352
0.8467755880471581,0.6278910905247858
0.6860171595990225,0.7277105855509329
1.0824148967496607,0.6353543861108121
1.3855238107689705,0.8153376471154443
0.9831355153326852,1.1928356759346372
1.2162772756473201,1.2675721920987226
0.7608637023428391,1.0573900481545444
1.2572137728264337,1.1597030772909716
1.2373348274039295,0.6001406648027046
1.269699306795973,0.963993586127822
1.0525009144380069,0.9006128402430316
1.0886695809952867,0.7162195142854989
0.6831263070476675,0.7311604855723192
0.6714750838338042,1.0335037585957365
0.96325130642486,1.1397097907432991
1.154395751132836,0.8835808464367759
1.2600115817552844,1.241724620268449
0.950515866171215,0.6083553022460034
1.0623999369194896,0.8189708877778599
1.0200845258401496,0.9630717539429086
0.895434883323041,1.2239160139731629
0.8750074807702288,0.6579094489554114
1.2270821305711013,1.2672667200925898
0.7488472176722606,1.3161227701262146
1.3621801267781946,0.7226946628582083
1.0390036181220719,0.7557965144868372
0.7812809769263045,0.9103608060688524
0.868351144848302,1.307592839132392
0.6877944023528079,0.7224454985310209
0.8297176299175699,0.8740706889533375
1.080264155130098,1.3902669666650522
1.2630508086817058,0.9676318047597556
0.653579546685265,0.7576310147379883
1.3680891744476948,1.136202107791625
1.0791815283196138,0.615202159504643
1.1019580126870268,0.9361112798520377
0.7455370250388922,0.6478473088980293
1.336163472219433,0.7268968217110556
1.0770734345301032,1.0861198396994798
0.6719276595120978,1.2941055781314788
1.0400372796386974,0.8812502190162981
0.7060989522499538,0.8894223696981084
0.8713819258197708,0.7778679060799012
0.9536137110588219,1.1783251081091424
1.1582142452833968,0.7344124826765956
0.9887942126543063,0.6951410305709563
0.642877957290181,1.392328010411561
1.0364770262182306,1.2122268361001738
1.1044521317330847,0.8686629114497207
0.6927569641942888,0.6574550582390485
0.6018408568460966,1.1383583774921955
1.2085659443277685,0.9030865981846208
1.085531483169257,0.7795697425326337
0.8425220935154877,0.735330961831075
1.1312140866150013,1.320451949680678
0.7816906113751618,1.3892654700856497
1.2079288111593023,1.164655338127984
1.1963058137482605,0.898279569398205
0.6319737644136127,1.2462715679606298
1.2019613836734386,1.0369746174713885
0.8120209678466287,0.9161040353145193
0.9995599483587101,1.2178308768546864
1.2288564636812416,1.2690129697152357
0.6208492022600643,1.358743290205923
0.7189909877878373,0.6600909973519901
0.913364614806327,1.0256471807386331
0.9877521601553194,0.9209961647216618
1.0698954369420126,0.8571421024246282
1.3813627151440424,1.2184437311970993
0.8856460208546583,1.0980254990974676
1.1330933165866506,1.3507073170652908
0.6162753154910976,1.0677704490889217
0.7089056685019507,1.1268538073995722
0.9152441039564472,0.8614966988433926
1.2492567998276516,0.9563804656251171
1.1929949512457254,0.9291698818932039
0.7284139100355862,1.1568104660415108
1.2282426660636085,1.0014775549702348
1.1169035747392102,0.7420956500316251
1.3457732072180222,0.845506555147256
0.644018468587267,1.3834466023394643
1.2609401780873988,1.230462978520294
1.2168488754874311,1.352086624452899
0.6526083576222299,1.0472341146317805
0.658016993416529,1.1502371065907049
1.1475479522894312,1.0290102873975315
0.6065673319013849,0.6257049366595108
1.3880495229288696,0.7955170125434061
0.891445624364303,1.319931790814566
1.1691372425195659,1.251514902246813
1.3820356234866387,0.839777652563514
0.9248388573625743,0.9201697772462665
0.9232757630112659,1.281418838031681
1.1612482018060364,0.9706538286328636
0.6189774352338301,0.9161826428154589
0.96585475632548,0.7404259016806255
1.2065536214824129,0.6824181407999114
1.220604031558214,0.6265707701815524
0.8837358085078721,1.1292030346856956
1.3030697500157025,1.0067078256891646
1.139624570818944,0.9562195652396246
0.7133261776941289,0.729452006748037
0.901040403275398,0.9339907328907977
0.8227326761234033,1.0859425177310078
0.8055557973848003,0.9507671891751996
0.9868232416152127,0.7439434151771651
0.8882620711317454,0.7897129959386886
1.339315772884279,1.2936450267437285
0.8243871720870005,1.3657054577805856
1.1482100331371141,1.1040539607346018
1.2009740033436693,1.236944725571239
1.2101153260750972,0.9073383724343086
0.7456794763658438,1.309922123050185
0.7789718560006931,1.3556689247970266
0.9677454626544391,1.1743885770352582
0.6781673811695574,0.8890065488377427
0.6419791243341982,1.2297580504478036
0.7668393064440054,0.8103878678819625
1.0402154277916382,1.3820960586581794
0.8650093664771287,1.1119389094820336
0.9535457075052023,1.2250264297391396
1.0700577071146546,0.961264138483914
0.8545431881466914,0.8633181997477063
1.1999640330784742,1.1889993877060672
0.7788420169011099,0.8940659565703304
1.0895144092729847,0.9973137019831326
1.1078139162684173,1.055857093532174
0.833400526547011,1.1956516603969165
1.1964515374502782,0.6855058047462745
1.3851919037468838,1.3434186681029727
0.7900579376021779,1.2858260226861757
1.1713496493249331,1.1586323378757355
1.3298264295360398,0.8320684078702719
1.2349858792100206,0.9660944267031242
1.2173770604265712,0.9714143761521594
0.6963981724554957,0.7843473240786928
0.8891208290314251,1.397139861964916
1.0922359719020993,0.7446825885191426
0.8621310585418245,1.285654105287887
1.1406645003356999,0.8670875757652441
