1.0449978834775586,0.6700293874304568
0.9118191392456496,0.9840571591171406
1.125807048179464,0.6192038401391824
1.2295366737568458,1.3598267377225652
1.31260535603844,0.6173047221317813
0.7237681342411204,1.1377351551753279
0.880404076344224,0.7367126435144606
1.1605829307703717,0.7211722999615564
0.790513519833851,1.3969307663616932
0.8669658705198862,0.6055705475449686
1.379317627213048,0.9436934349920423
0.7480494292614324,1.072001016633062
1.3437039328030667,1.2031942682460754
1.1513361074524857,1.1105280415982404
1.274818093446902,0.8668711628958856
0.8044156617379812,1.2613427571036318
1.2579655190059258,1.2878258279000145
1.3951326346067907,0.6625092088938268
0.8995126455716247,0.8551209029508549
0.7858053194352128,0.8145688570475892
0.8522848420686141,1.0969751662703957
0.6757130935023223,0.9255469595061651
0.9235681178270072,0.9309584149607362
0.8149550424968051,1.0990213732543785
1.3259023627720259,1.0011157371309802
0.626598080741499,1.0915274399120085
1.0731480562607982,1.3109950193339337
0.9652506391224692,1.3370403316178097
1.2457100426778842,1.0740119101463859
1.0619186450117488,0.6228048769025025
1.2130648756769116,1.1602103133748325
1.0995657748566479,1.2022194139700417
1.2722229947076562,1.2714800307716707
1.3223425446287655,1.2551121259121394
1.2508315291853958,0.8116856579319784
0.6722789848707456,1.021931851128886
1.300122326127052,0.8652934063186076
0.6809817119179569,1.377624272463349
0.8060597247459296,0.7419636142186758
1.099030343997598,0.9228065627189178
0.6739634744171331,0.7296526926358794
0.8671755475784629,1.044878012870558
1.394350642178893,1.0134792075153394
0.9370669144869428,0.6598598345958848
0.7404660526425637,0.9888035813560294
0.8779375832834133,0.7580221974004602
0.8486622202995261,0.7301231859287007
0.8326293393567921,0.9975516360582947
1.2510657180814613,1.3809771819055117
0.7185072213615233,1.3677959348317654
0.6703682266562756,0.6810988413037357
1.0413963544062463,1.2686058889821534
0.8880849666383572,1.0727083439435368
1.3839127493132235,0.9056635757789269
0.9862697205918869,1.1715248546667363
1.057479325564679,0.8979568008382697
0.8403124463034046,0.9931851492467012
1.216554055740172,1.0660825922030992
1.3254288337658893,0.6620009507887961
1.1578682072909372,0.6589212710559202
0.9304418498603816,0.6669578072025926
1.3636251090814318,1.1281766344726054
0.6647673639616203,1.1917581146386307
1.0753953432400698,1.38066776689758
1.2541824466103249,0.7453792353185409
0.9521237687865809,1.3431300433206839
1.0942011502009021,1.2357682038581745
1.2467877698475893,0.6800922938286722
0.7847459101908493,1.0645996240448148
0.7254837479834741,0.8065125237302277
1.0690117742098086,0.9846534474975287
1.3140795156964773,0.7688902252178619
0.9466360800460232,0.9449340575515521
0.609236660287672,1.3616968327708237
1.1002212869556602,0.7273100158258965
0.9789695758323984,1.2005121038876791
1.1371565469255738,1.1399012314214731
0.6648271506233917,1.1014071635547134
0.6447367727723248,0.7368246398280236
1.2843431757341244,0.7416812682918712
0.9308957773170504,0.7341976429246138
0.7584663815243898,0.7565026613001313
1.001682498155534,0.7910058714987517
1.2240773605465163,1.3220707663776452
1.3109148461198488,0.6377189692701579
0.9280024533929965,1.0188430018425463
1.1603556330437068,1.0502061997811996
0.7052207113131123,0.789822499892131
0.8307943396639594,0.624629261093456
0.8279024725972095,1.1819691391729021
0.9799091415123886,1.0510885788993487
0.7818241254950399,1.0414711678023205
1.089019104266389,0.6404601562421969
1.2602070802919147,1.0569553813075383
0.6954721894000531,1.3392530264966807
0.6594751087998632,0.9997879202192632
0.619064454282968,0.9051373286872533
1.2215143521827472,1.397784434977214
1.0394816771552513,1.0754563074349694
0.7210468149750972,0.8173388333873174
0.731152836460964,0.7804800057138837
0.9849788578644258,1.1443074013321224
0.7346708327357738,1.2295816966180082
0.9943706765736186,0.9399419965049154
0.6811938717510482,0.9282400600168228
1.3241338079242568,1.0569673599920049
0.663245906194699,0.9644425316979186
1.09455749887844,0.7582344724896835
0.6067564637241042,1.1878130086461671
1.3966615273262524,0.6714439644708801
1.3045298522696325,1.0789983860423666
1.3319108819471996,0.7480488518701226
0.628388968189185,1.1060227668309515
0.7657980690569745,0.614733375287375
0.6780396025070364,0.9311662344089157
0.9074325491680287,0.9475548041363214
0.6388036452344851,1.1339358086720615
1.2648148815088258,0.9773284727220832
0.9364854118011463,0.9362004860726286
1.032435644539732,1.1836883896408363
1.1197856848517889,1.1656642284407623
1.3020188367062242,0.7834587453629055
0.6707180627924906,1.1191109410168436
1.3817327829607082,0.8695230615952947
0.6279691995196426,0.801665284379206
0.8825959787260789,0.8472995066190137
1.0964662678299038,1.3708774188105977
1.2461047645728898,1.3980691440167268
1.2777839276891625,1.0381164137998151
0.612393416296414,1.3778485936398317
0.6509047285341332,1.0777819699464768
0.6732034079700524,1.2541378367658829
1.3669016403990149,0.7257357875700486
1.3501287710156074,0.7925721662327152
1.05277178774643,1.26215784556342
0.878424229001299,1.0477648639231583
0.651516192965269,1.2322878908270534
0.685314874326545,1.352970879042718
0.7375413996526049,0.8417661602845004
0.6821406601944903,1.0427482451001746
0.8015161006444709,1.0725160367898015
1.2463442521495645,1.2893172265040276
1.0509447027562315,1.375770650774312
1.3732563407091944,1.2832452654270219
1.2589770181452786,0.7223858629029534
1.1615770542758685,1.2114243569518626
0.684351897709178,1.1857139856926444
1.3100033482004667,1.1678341759609998
0.6777525488541551,0.7905150734574355
1.1338709639595472,1.0966307662607937
1.0879035947757612,0.8448379165937948
1.2984658777390505,1.0917403258833438
0.7996582800054279,0.8324376663181214
1.065231620250176,0.7026385659131948
1.371137917055627,0.855464532788377
0.824167639911459,1.0140474805690967
1.1003976935667659,1.3153022902695497
0.9428784372850623,0.8557518348834351
0.9915381137592467,1.2841147632368966
1.1830780152756106,0.6268124548607199
1.2320337126321683,1.1724491527735403
1.1354554191869783,0.902824968113394
0.6911725931697603,0.6539088363525494
0.8376964194604368,0.7650002293540689
1.0528595583590104,1.1099442833907163
0.8042141387434946,0.8030131844654173
0.828261707326635,1.297707873013275
0.9143477599772442,1.3341944973583595
1.380867593949192,0.8823599113562276
1.2577744265372153,1.1931384445442663
1.1365101481654225,1.1538748103257443
0.6764312836778397,1.0752041959184806
0.6499599247582757,1.2961895731259734
0.901906580861736,0.8413788718887042
0.8735725263017531,1.278084045391117
0.6745970018367564,1.0698042983859368
1.1260561942221137,1.2532819198310103
1.2153954441126729,0.875153011551999
1.0602375487176703,1.176466657680252
0.9611512877159808,1.3186149526017978
1.0669294484915441,0.6135365269626376
0.9487037273632632,0.7039853283839832
1.1544209048527279,1.3471113763387916
0.9444815120276246,1.279857239179536
1.1448528965785916,0.8014975297603302
1.0518623668862837,1.0788390307806184
1.0020698137782542,1.2671115325133442
0.9661890740213008,1.0388059093831559
1.1879222154964437,1.022767246731149
1.1209656510407722,0.9744261668603398
0.7233982875939724,0.9419049159598186
1.3460878897756912,0.7119812571733548
0.7448905486427129,1.3645357621144918
0.9298840822211302,0.7933318522579537
0.7012960841772945,1.0442094086427995
0.7427600157159052,1.3211184806293264
0.6670516525166695,0.8620990447429857
1.2016919939670818,1.0565954022366917
0.82292094782855,0.6926708256645396
0.8699830245940365,0.6429993593179893
0.9178243624561297,1.0409778438242911
1.1102959615842631,0.7014851940861487
1.2221860285583004,0.7587918830954877
0.7844278349936981,1.1984955202362169
0.9395218961549003,0.8620339173618476
1.2128205144234552,1.3500136916560297
1.2915410043377002,1.0245380358776017
1.3719499804616284,1.3012154784599368
1.2736929613150365,0.723023332724015
1.3907856242185137,1.1004876829490593
1.3060914215511599,1.0705716841258783
0.9501023920950775,1.251124888135203
0.6627681519799304,0.7270916574464575
0.8374890393369745,0.938040093815977
1.0511123521871042,0.7630885832959257
1.0573790682478152,1.1770732219895774
1.0491264527692974,0.9265834386648456
0.7777940382089075,1.2513047747467643
0.797418279499973,0.9587234799950588
1.1241892909371218,1.3941170905016325
1.0489322218700703,1.02186272569143
1.1537646105967312,1.2364375426025076
1.3623805883638704,0.7695493313893886
0.8072952065965042,1.0805959229344326
1.1717613332638515,1.0099599905206755
0.8115013891464787,0.7713821775800306
0.9563918149883234,0.6033317456426739
0.7094404281156165,1.0839738455415548
1.0932003362352505,0.9467497054223031
1.3906361139183685,1.3377479968756862
0.6619872714134036,1.1833901182417295
1.2057818210336526,0.681383825868367
0.7200517238058042,1.334472749791598
1.391769207783723,1.252770832561767
1.102387333597265,0.7657064521598321
0.7270182443095086,1.2564139566602355
1.3519764422632286,1.1671971216196502
0.6503648185986994,1.2554368718092088
1.0187672867281987,0.6308309598324433
0.9471880935696129,1.125542089585191
1.252170252873019,0.7753609524553571
1.2338013215433628,0.6397605272676472
1.266911946646255,0.6422738982789521
1.2780489069378491,1.2730866050526737
1.3460114304944817,1.3567664748150223
1.3507184254691633,0.9445076749141637
1.261090103575937,1.2802041519119711
0.8367715746047263,1.2275806991606675
0.7786188097680984,1.1103240072358216
0.6346489229317449,1.009279825581408
