0.9108425324292677,0.9789383778859515
0.7286398243733166,1.2012901839008632
0.8984224979001014,0.6781518925841319
1.0274786709614492,0.6804825906029962
0.7444764711175322,0.8079038751454575
0.9014897564717415,1.3314977879796002
1.0269525394947674,1.1679246593547017
0.8605126436821701,0.604059057625919
1.1492261368043986,1.3417965972038672
1.0272494864102197,1.3421921248041961
1.1829698032884464,1.1734240368963476
1.351047180408149,0.9590094754131038
0.6928429432860879,1.240817127937368
1.3294686236626605,1.3966562416485178
1.2749385478641795,0.9181016542794278
1.2358187683838389,1.3105535086211795
1.3934478450180396,1.3168652521245006
0.8071027132774936,1.3136458427373934
0.8304280142603282,0.8709261566113701
0.6687632073901718,1.382513988001876
0.7369595881476729,0.8642062865826579
0.6567952640977636,1.1812433348377753
1.1939214085914072,0.9605280277276517
1.0381286254891628,1.2800437683289716
0.9295864202335349,1.0963407692179743
1.1697339945979977,1.138852589297659
0.8747167836849886,1.0261034441824046
0.9736920376637233,1.0832640493356722
1.0774218645624347,0.7615667744819485
0.6708152723709551,0.7927883859592759
0.6564984546802962,0.7892569343314898
0.8093378924954154,1.1859525773173514
0.8311410777356413,0.8704438157600005
1.2520696603895285,1.0474402847472493
1.221823485625224,0.7401645737999394
1.355867251143527,1.141872036528161
0.7478245445926517,0.6179396920824304
0.8538116257201847,0.7451562344025165
0.669522873240071,0.8754311048101053
1.317470364133795,0.6037355939038189
0.8726660003273403,0.747600518424401
1.2084154647819925,1.299733429122217
0.8874585083255063,0.8857754453172909
1.2652513719503187,1.3747629462863533
1.0743026562283644,1.1173425599462883
0.7253614195224111,0.6945759324678302
0.7540515867681963,0.6609806374781618
0.851591995919306,0.9276018728420821
0.908919328717253,1.331312101040451
0.6060189631603783,0.6527446752239953
1.1488073422539349,0.773698433368095
1.0559031997901154,0.926238253956099
0.9948441010639808,0.7572757264941105
0.7155139057763509,0.8416183114500696
1.255295922386063,0.7681547050904085
0.8359230841365656,0.9315896661396648
0.649407379568782,0.8507096828591731
0.8286425987569774,1.1316390895641324
0.913556457302545,0.7500923163308748
1.1400666840904288,0.6017981146839759
1.1903459024337544,1.3413344112656898
1.3005895424464604,0.9341641604151665
0.955090668516589,1.298248698808727
0.7875608831206434,0.7634879656103786
0.8702071835565409,0.9265285366125284
0.7662483838428578,0.9529937060475275
1.2239577471694134,0.9770242725425033
1.145573637146442,1.1394100678952
0.9719973773129522,1.1302326514364465
0.7168752801317202,0.7784230643040682
0.8351018631629217,1.0512231978443933
0.6095007128706812,0.9835719412080022
0.6083627164515278,0.8522355726655235
0.7058086136818947,1.1091554971346569
1.238272375767854,0.8765365953860326
1.34728948738837,1.1632142569161585
0.8068748314412308,0.6778932017324653
1.0930742889118608,0.911838840857426
0.7309991528242504,1.3951906414052737
0.7748530835021559,0.8459001365021265
0.6532972953002244,0.9582261038116908
0.919251024591419,1.285595571109482
1.1749920022855833,0.6070048821098605
0.8162443935661539,1.1346959088133466
1.084842442363096,0.912665934898281
0.8201977244918182,1.2680500059266493
1.14404725619216,0.8219991886802974
0.7851637066950983,0.765944805922453
0.9589071332677427,0.8863607937762307
1.2955785253315117,1.216443932425821
0.6827331049972418,0.6220677311371859
1.0396810204612401,0.7360844231420921
1.3494957292570953,0.8426747772314882
0.6597873005607092,0.8206790790951228
0.879477733963403,1.3805065028093955
1.0215620361500632,0.7073783661531192
0.7800042006130326,0.9245328256303973
0.7582647236643856,0.8080090637118171
1.0250458224276622,0.9464144898750573
1.1270223081698352,1.2969398774912424
1.0420895832121044,1.3621550924960815
1.1585687305784362,1.0733322590846208
0.8657546698608883,1.2150022362527753
1.3027279411315555,0.6556919997262454
0.8890833225692957,1.225205168828857
1.251534574173478,0.740029924762567
0.7497554383329937,0.605171941622478
0.7394868031158209,0.7235311126583456
0.6838049972879378,0.6902072221135012
0.8236977898976519,1.305513108423865
1.1980730041930356,0.6682112298590758
1.3256786248802284,0.9527017089106509
1.0028438616464699,1.0368883161047426
0.6654936301208656,0.7218629866573611
0.8257829722944393,1.1508640084575719
0.6188222319191785,1.0088221715266819
0.7711991404409377,0.6533626081275847
0.9181147630736284,1.1290201315744002
0.6600111958097802,0.7315861270268403
1.2177373941848593,0.9899386280689163
0.6250140936899435,0.9895812680579177
1.2409435150324555,1.3240652797516437
1.3740423262166606,1.0083158795826652
0.6484535352031817,0.9625475765756375
0.69453615245381,0.6643821156798293
0.905289881287609,0.9035147018127516
0.7952963838376437,0.7032122100296143
1.2007134760376417,1.312889431103411
1.2856259199182314,0.8395102134812826
0.8775489163032081,0.7621896842719877
1.398036756563162,1.0171393571158835
1.131458316758196,1.3612301522703045
0.6561569839499517,0.9462586018704391
1.0425748842621372,0.724729032032221
0.6734839355915068,1.3207717509393917
1.0447095972605496,1.075069053875328
0.6485732015306384,0.7313420477460029
0.6214537045523308,1.2880382824600416
1.1888408025837012,0.7800775928230568
1.29987832989039,0.7220569764907071
1.2549257610418734,0.8422176912444118
1.0032733518810686,1.029517639325438
0.6826003634450851,0.9736618904825154
1.1094995946818456,0.6342489385065401
1.241223877077617,0.6298451959091856
0.912566288042227,1.1332841024913978
0.6331293816639956,0.9930036287045538
1.3206041626508476,1.0042558797660814
0.6468219381403681,1.2530823094092591
0.7834842936991946,0.6984572994162875
0.8483394179928125,1.0768484687211075
1.173963775340793,1.2959218888172745
0.7113000092811462,0.6974526036007068
1.2376944953585491,1.1400423488627147
1.070928282424596,1.0454661009397253
0.7399793343357831,0.9679469498960689
1.3902212324672858,0.8005731372714331
0.9916982730642174,1.0974568365135786
0.8503999352070295,1.3845598451441616
1.1035357147824434,0.7794081427533963
0.6516497234751905,1.3304066999813067
0.8313700960859252,0.6719728878546402
0.8660880864647404,0.7397184899938304
0.9800046707638947,0.6509411378770792
1.2024692840055422,0.9845197802748384
0.7054638716135158,1.1578385295706162
1.0457121160970113,1.3039433235385307
1.3006855482967477,1.009059187247161
1.0788372135191198,0.9224645229374578
0.7187727685861727,1.015521101330219
0.6723959479098917,0.6425950250260738
1.1250790735886949,0.7570785619887064
0.9968449736030064,1.0466461744151383
1.0370051690992992,1.3119503480320547
1.0705507077141547,1.220629283234791
1.3016463352478866,0.7780382981475793
0.7587982955260463,0.7526550256158113
1.2319166103428352,1.282340622454207
1.103861501683355,0.7259147444044476
0.6043354746202934,0.7758199857396102
0.8960734263153651,0.7117580530863207
1.3079580190420084,1.2074319473933102
0.6918832131834219,1.3310449664512345
1.1294046305883894,1.3398139799095115
1.1715972691141658,1.3223494417103643
1.2266434196646614,1.3550193069962506
1.2431514732165052,1.0881875871982272
1.275579569540459,0.6224967210211171
0.6049291405237239,1.0659060771524782
1.1129248485862817,0.6048653348611573
1.0322518259688307,0.8464535977256
0.7986411739016464,1.1936293373698437
0.9491584755510887,1.3952281510284998
1.1118343868174723,1.375392782838392
0.6495777124131201,0.8610987007981887
0.6011339102132207,1.083497198891759
0.7950715634884518,1.022318652308884
1.3992974151371094,1.1075897862572113
1.3898469601855368,1.2001520663037906
1.3705246572615957,1.2478681361460378
0.9284739324089782,0.8971364033168572
0.6922461076650317,0.6877551318787939
0.695564202972121,1.2337465480089467
0.6457448538385726,0.849175048439431
0.7354208015036036,0.8196500195027075
0.9394482629697457,0.8782903695880082
1.1787867964693,1.1274889586382932
0.7392905484899065,1.271619777119543
0.8862810310360757,0.73571338583328
1.165195701388975,1.1667232641218654
1.3727367538815363,1.1102175881916647
0.7885925874021412,1.0458291223867808
0.7421352904999109,0.6390649419737577
1.2449263075971688,1.0605119990891954
0.8338849346507164,1.2274209518628987
1.1146628384498065,0.8545172477328271
0.8629264339207952,1.301036828091813
1.2445102433621948,1.2841810986810882
0.6909816936169761,0.8101974196271057
1.1775206229502468,1.0484113613482378
0.8331605302024324,0.7910845344230949
0.946891895689588,0.8127282280403122
0.9384988536377403,0.6831351826896221
0.6787897337561675,0.7131798336778854
1.0360286950960436,0.6238957417093222
1.1092848901107812,0.9280523342982561
1.3504985953591127,1.3148361917764555
1.352779000376263,0.8480040856458022
0.9635115646275225,1.1083836092958688
0.6970385314136125,0.8312945533802706
0.8122202751793316,1.0630248165592822
0.9373459827555864,0.720638441554635
1.023925850370571,1.0670064220005735
1.159531978438796,0.7091670913403834
0.9622927266746046,0.964713394163127
1.1943113067594056,1.2308788634883583
0.6992402245881921,0.760159030993314
1.2120107780411846,1.2694914932403345
1.3376569049205256,1.2099198624768939
0.9320900039563942,1.3007606173827233
0.8415012567042701,1.255890155947859
0.7452878470801241,1.32015635711648
0.8422318117646824,1.0424962166634448
1.0926526328079638,1.1915041721286648
0.7702505091573312,0.7485304179998414
0.713211073127891,0.8346793014192493
0.757141706247793,0.954031944612227
0.7595909412937697,0.6864929973731111
0.8842037532058808,0.9140485045808846
0.6744221398498426,0.6044328738747644
