1.1619995797356906,1.160857335922226
1.1232289817372485,0.980916420602646
1.1771170136793976,0.6034455351878597
0.8184436466079346,0.8021096486969975
1.3385747048194054,0.7448105355817463
0.6254752347815122,1.3243370282605
0.6680390375103326,1.355164901119941
0.8582027134401465,0.9144875336079814
1.348199399334481,0.9068761307884259
1.058861544402596,0.6967406230601907
1.2348351275679206,0.7715907042130161
1.1177581377545316,0.8996918224388415
1.3953749002060514,0.9412539637645149
0.8429436854473523,1.2614885635409712
0.6169025538877727,0.817277205529098
1.2595617772009073,0.7012153431107075
1.1498594891253333,0.7024625280333765
1.1091398196574225,0.8942026947280955
0.6160018369635109,1.1721532850191516
1.2254978002183297,0.6821637071716476
1.159499106501538,1.0663099531066365
0.6980130488936531,0.7486511127414306
0.6870899131591031,0.9109843213799426
0.715653753378225,0.9716517181026953
0.9434645977151295,0.9742333620392739
1.2618831947508373,1.208055223400569
0.7606364548047123,0.850252551195568
0.9287999315211228,0.6470830668819965
0.865431237248651,0.6681024346211117
1.267552442649406,0.9328895670436338
1.1521693834233062,0.641347787241854
1.0408002339264857,0.7850064057901972
0.6444085157825415,1.0490857297804017
1.0108814859116173,1.0552319123432605
1.0620047091667144,1.2480316352799692
0.8572520378027721,1.0294184653901173
0.7257335558312923,1.3003932614934257
1.1894645925413712,0.9085171887613045
1.222746534968325,1.1789312506272025
1.0336240135469186,1.1110315461599791
1.081627216832504,1.319254663980651
0.7793352248258125,0.8254361501449596
1.3014165571237426,1.0022159469105283
1.39123915410743,0.8181741787958264
1.1038190240040158,1.0447913115229395
0.8350231419991928,0.7087925166977548
1.2125579504656212,0.9066895489259122
1.1049900697105428,0.7241157205871355
0.8105723464134881,1.1170858100559227
1.297107534143319,1.182173995177445
1.0193527474418154,0.6716271431039489
0.8928635191318846,0.8574859016303319
0.8498579117380193,0.851637287305738
1.2065830520859933,0.8203759467942743
0.991322547128791,1.3730552434839105
0.9733630076426958,0.7874632174380426
0.8901563917632704,1.2657807084924335
1.3929067194468714,1.336789686109431
0.7277612380281295,1.1943489448961198
0.9668333387282009,0.8978082346296599
0.6246593606713389,1.1869903023232418
1.3866829216518055,0.7533975704006561
0.6252141293949531,1.392872496133028
1.277189155000277,1.229931022398683
0.8320070090041054,0.6648745404153686
0.9980776781283618,0.6932482130633973
1.2875144841652515,0.8268239852938225
0.9747239300244841,1.003584178641498
0.6542888305387742,1.3660624880633196
1.3273317828746043,1.1540231945538242
1.3154861698921259,0.8800012752941202
0.8817029294559999,0.8390150920528848
0.9456152578936752,0.7594686506180153
1.347938559494015,0.6774405883025982
1.1932404249103286,1.3788186074614732
1.1991078735123106,0.8442159567440857
0.6522131496748714,0.6910645400557405
1.3469008600279833,1.3469863425519424
1.2563451911617358,1.160577535109583
1.0646681760588128,1.3177479550520879
0.820479124056198,0.8450121262473707
1.0615645661250124,1.0453552810126492
0.7805227916360247,1.328360549424234
1.1237213842960896,0.9460105902861717
1.288592111508548,0.6013683441473473
1.1333882797026682,1.2574154370569528
1.1461618728555143,0.8547779009855743
0.8841272648569602,0.8850376095920685
0.7047715385032478,0.6812318907433738
0.6639143981104395,1.3027638770114542
0.6806443363274144,0.8044913388187517
1.0045229658941301,1.1361585561104235
1.2729117191308954,0.9010777397436954
0.8547600968494371,0.7409734506825857
0.6335976494150047,0.7208198548286591
1.3278886247278188,0.8525505627862416
1.2867911837420236,1.317992122999136
0.8927995474884941,1.1580326748511367
1.2028277277971724,0.725391433110218
1.3141800211728334,1.1844038375101675
1.1223850442408807,1.3041553504317083
0.7625801478216493,1.2504456644823767
1.006880108149042,0.9084106622728831
0.6390295530012378,0.7322524615555738
1.0281862132209496,1.0324543963417365
0.9289988149090953,0.7857068319455089
0.7648401046714765,1.0017810715822915
1.3556869571211998,1.0412618427973301
0.8274411724314528,0.6134092788362643
0.7585758434615537,1.3198161756572708
0.8930392614235714,0.8273654009893778
1.0673972197372932,1.2212281903053488
1.0718337059360588,1.1958214442493942
1.3536036396984241,0.8713582088918759
1.1113860651848957,1.124256530570936
1.2794499421523313,1.0876257523504411
1.0008662760142983,0.6126254609687866
0.6050767570858709,1.1498794868448514
0.9603323074178232,0.9858702387137618
1.0992900294015162,1.0224391565510713
0.7724430340368167,0.758508608244115
1.2004395025321077,1.328124170856095
0.8965978588632787,1.184911869298273
1.3874990109659966,1.0229511475304731
1.0178956627367102,0.6244258770744432
1.0052105827377467,1.0534359977215013
1.290929499304568,0.8279723486160815
1.0745590853008875,0.9738914040022857
1.367199309728037,0.8843488102935289
1.3212062330434549,0.7842651944580563
1.1779384648403655,0.8936144404337172
1.163713096199816,1.1167921456980445
1.0209377302406297,1.1123443281728516
0.8075695331019865,0.8614246816628246
1.2914602369095403,1.094985019883561
0.8218927618533044,0.6760506424462964
1.0001218357739967,0.659702471558976
1.068340878327299,0.6169861031106798
1.1441663049132207,1.1330844209235094
0.6883363042088713,1.2545705406100383
0.8589263474650882,0.7004203900814332
1.2834379989990887,0.7462829227119626
1.0826550448870482,0.6079414888865999
1.1062654355908221,0.6405686649474042
0.6861996681043128,0.820166995108502
0.9059439763810212,0.9922042966097612
1.1419419461636768,1.2724733236393067
1.0851580077255916,1.1867075338141697
0.8327224613742806,0.620461475826162
0.9330268124917688,0.8526830692353189
1.3597532778019437,1.211990700974948
0.878083029978801,0.6272144715229547
1.1634087356732965,0.8116424918756574
0.8835707265192029,0.9110914940732256
0.8396220020060613,1.0395386250226997
1.1305869769210533,0.8094935265992736
0.7032785405911237,1.0873283808436511
0.6301104334253506,0.705438998332437
0.915095385557598,0.9093040979159313
1.2015292934728508,1.0799703199066217
1.3330288940916373,1.2091431051841819
1.279743744304298,0.7562970024838689
1.2251530838519549,0.6431294870860637
0.6107251360390247,1.0968131502374925
1.1742341749660286,0.7213412572029071
0.956021201120719,1.3797578011323504
1.0532231496025133,1.0272934775638722
1.078400204985199,1.3572408688266697
0.7731742290590136,0.7491426933848407
0.6372152056170319,0.9297413256974284
1.08894167883084,1.1562156164961774
1.3652655576629702,0.8298088236916438
1.1308423173977833,0.9298947505953478
1.1735967201216329,0.8062275637326576
1.3477113758880628,0.6529230121144277
1.1316213580065124,1.219978884815858
1.2366691014642992,0.9867933471310623
1.0480493292349138,1.3166223086529905
1.2583864014358315,0.6452165104267344
1.3803687286636515,1.1439252524403973
0.834838929232883,1.136513500962923
1.143071783465873,0.9387030824216762
1.0210509408622035,1.154979008950517
0.8399681753560899,1.069057605037272
1.1500948722104698,0.8091740872388141
0.9656902160813805,1.0431222720376059
0.8451066366255267,1.1967150331181036
0.7196080154574355,1.09295811064132
1.1377174522590898,0.7227844497263872
1.339026861088535,1.0164912584981716
1.032807046065162,0.6956203709410628
1.274635415258358,1.188614045969727
1.15247079471808,1.0329965394112364
0.8354393925162459,1.3785925025934478
1.1335402699085875,0.6067166019819593
1.2544322731588489,1.0616466271015281
0.7466618588604809,0.8952857118098683
1.3807138155462342,1.2301015909440802
1.259745141540177,1.2947723292933677
0.759192243444061,1.3658829302485143
1.1797636367977935,1.3715927616905388
1.0629226443201705,1.2796150152104426
0.7769388947438189,0.6270335336503109
0.9992203021069781,0.8275644747729161
1.349227479608552,0.7841309680160815
0.8012242939927438,1.0079013365478278
1.3826713782626943,0.9778565817675675
0.7396926349361056,0.9488305737695066
0.7729965589718983,1.1129373272314096
1.152111387179764,1.067118721515277
1.1994460406742438,0.9987752478707826
0.9162825685548022,1.0176854673298772
0.8418568151726167,0.7624240364402809
1.0911343562307685,0.8395642313073838
0.8608500131998794,0.7735609370328671
0.6349047674920438,1.2579038543313317
1.0935680720538752,0.9032148899832037
0.8323267049507088,0.8927381286354192
1.3984773860773134,0.881397369709607
0.6409717217153759,1.3699434143868143
0.9164825033274181,1.1621762440750285
1.0497997150063136,0.6286933544232108
0.9484403607151755,1.0887587146673314
1.3823645969827,1.0321460324008924
1.0359843105614812,0.6646549604992258
0.8885461282185677,1.3430314675886692
1.0410651686160282,1.1111249392118059
1.1427382420084293,0.9617238515916697
0.82094893214476,1.183674269937918
0.6046155990986156,1.1996110082161597
0.9518327773435062,1.338766942316119
1.3646784577293072,0.8885582679004681
0.674131153530947,0.9169143159680023
1.177224013822049,1.0276353822988373
1.0035773156366945,1.358413574826365
0.6469219128419895,0.6991256667552477
1.052001913107707,0.6783951132018308
0.7719522847069673,1.1640652118699326
1.3632242733089228,1.0208660628886896
1.0580081101864325,1.2277072732731904
1.2713686637074062,0.9429871425879734
0.8596295985345913,0.7536411743219654
0.659898275435485,0.7471354101434803
0.9986857105677266,1.1126307507180633
0.7493011455676395,0.7288415500305692
1.3580587856708566,1.159291177178381
1.0257705784133793,1.095098493236252
1.303877249679673,0.6240166276100529
1.0589641302493202,1.2102433499400993
0.7290461728924326,1.1027923366582306
