0.9203553668384713,1.0606540808253744
0.7198903227451472,1.3629810185397422
1.2732302736878496,1.0283472656201986
1.1631366725241699,0.7067236861080145
0.7999384013421464,1.1911061823765958
1.324858616643215,0.6435949497753112
1.0077839995518945,0.9016499503526505
0.6932529169630225,0.6717215115561295
0.6936390181502705,1.3149665227224179
0.9767101065501236,0.6537042231864014
1.3308612518430998,0.8540984667071021
0.7927033226714975,1.1253474678588589
1.3678907993937348,0.7980545086968296
0.8452996219875046,0.7823972314026165
1.1290106213532236,1.311674110337343
0.8433781517780136,1.094475117916941
0.6771762814084274,1.1329004989358715
0.7003546215423806,0.6398417388122039
0.9426504003491916,1.0152739539572262
1.2309947684333526,0.9505883379339923
0.7899073859895204,0.7551843466923758
1.3187310202533378,1.2942722537466933
0.6793086627016045,0.8341630260577918
1.1656182437373368,1.0111446585671775
1.065911609397611,0.8439549310875472
0.6778270434052207,0.7380021542468107
1.302123541460872,1.1464791188683803
0.7028315867828656,0.8872743577491716
0.6214315119112477,1.2888360831790906
1.0054949983392882,0.930072857619722
1.2803962463078964,1.0020171394788608
1.3131343167844398,1.3888785531955197
1.1967684506780012,1.3894807881168703
0.9467274499153187,0.9633555884403799
1.089636198764845,1.3185423585451157
1.1757938998970232,1.3681929174120402
1.242460997839392,1.0159482995801046
0.9177184865725567,0.7134502826004617
0.6833599852525615,0.7234631641066268
0.9314943569890501,0.9591130313081664
0.6945890943771452,1.090773053127561
1.2390554077722755,1.1515132945748485
1.0018045161100562,0.838796833265588
1.1457838631188266,1.1660777017636863
1.2317570426639022,0.6645539645715584
1.3398121128391014,0.6184474781585962
0.9270018714268059,1.3512759615283945
1.0533731718082262,0.6856794247886537
1.016684314825111,1.3679801833072798
0.9401563966957172,1.0212660759344614
1.3411289476334116,1.2449522227073806
0.8638923897313282,1.0033244039487652
0.944879977342898,1.0142356488459843
0.8420286499291061,0.921428460719815
0.651188780962511,1.2409719063403335
1.2046538408354301,0.6737114704137287
0.7407137839861367,1.3958777992356028
0.9120601032854083,0.9453361095644446
1.1733415460221988,0.9070670809140297
1.29572156912703,1.2844908631445644
0.6407997527105367,1.3715084489136875
1.3791032977914617,0.6363248297168576
0.653737374920214,0.7061986714926416
1.1311621710667368,0.6458466508663969
0.8790039955682891,0.8884487554095554
0.6960136980739132,0.7142869557673976
0.6641941922241582,1.1815244080207719
0.8977323183720441,1.20946789650555
1.164889624135217,0.8875381658069462
0.7261682024123008,0.8928527494682421
1.0779308471648101,1.056212077285913
0.8148493798193744,1.1420096776465132
0.9927550368385807,1.3691593014101882
1.1302837644579522,0.7662833070232185
1.1655545461600454,1.0651834092769694
0.8474962179281205,0.8179571253479623
0.6918344757969981,0.6128160374077848
1.1344941873101066,0.761999828323039
0.7960790587240028,1.2159443579905655
0.8295634402198575,1.1921002459355503
1.3871455248544962,1.0668477245191657
0.9495022650571787,1.0761527456951967
1.361477792762513,0.9230523961801441
1.1067417039713625,1.3259430968879649
0.8221022068306909,0.9205050324834189
1.0814518720642825,1.3906632014316525
1.0594871753990882,0.8737925025502227
1.2671576686504387,0.7747669349098844
0.8940971681105238,1.3618657614121266
0.6816338656454738,1.1945488990911186
1.026196793340389,1.03673746203335
1.176695246972944,1.1403760950247488
1.1885008106448183,1.319461231591501
1.2789952896527237,1.158397793055053
1.2017964233015905,1.3486635819569828
1.2582127623683919,0.8130032813450376
1.1109902160860186,1.3173205120490608
1.3073229033073361,0.9979251626415976
0.9311970109530954,0.6943227643324833
0.8770591577288801,1.213012161757547
1.25369559561021,1.2866626909932966
0.7581987630423624,0.7548439242072867
0.7695184430166631,0.798620420631329
1.1162418421947948,0.6493961100999782
0.6183860204542951,0.8143954345038268
1.3476243597502364,0.8799415195448723
1.3417307426720073,0.6660675985197984
0.823287808679271,1.0792714899819356
0.941684232957664,0.869935914645609
1.3644200839360792,1.1867529647742514
1.2560382810600461,1.2790636183589061
1.328335539080025,0.7017431367661722
1.030673971719712,0.7130507427255546
0.740099153658966,1.2353215624101836
0.7860285578007615,1.1095573459717567
0.9544246753542185,1.0615249643967357
0.940977122628591,1.0346996184981816
1.29653502158676,1.126280267328787
1.1802672406686026,0.7423437794797212
0.9906460173789127,0.8903026205430138
0.9521647401054312,1.2407689962646509
1.0113307374443061,1.3525003128932211
1.0751873661146267,1.3343875697423146
1.1777110899157963,1.251850344533994
0.7293683067867314,1.2125510228621392
1.1516238154374197,1.2109937097321508
0.826278490278209,0.6792265761644851
0.8899096051357753,0.8881237890850092
0.9567052870680133,1.1252741191070466
1.239805418917574,0.9600597143645297
0.8923481261932062,1.2022511012611905
0.864722355974277,1.2684756044596148
0.6962752119462566,1.2988615008686106
0.9458445054697026,1.1672094633921177
0.7833154553548388,0.963030855413108
1.0100325916863622,1.1373357662627468
0.8255224601168334,1.059221485557414
1.2743277701440605,0.9347790187882373
0.7993722769601876,0.6591157217526179
0.9628575213547361,1.1064363400089443
1.1202648640912738,1.0147730014775658
0.8748133923426957,1.3269667147012212
0.7938415923299716,0.9743074779023879
1.2124360942811734,0.7012971322645447
0.6379024459702607,1.2170482708917736
1.2407724034845842,1.3839186431723076
0.6989924567907497,0.917043100765472
1.0085200622845678,1.0889890583507598
0.8577026325974119,0.9684420889877282
1.1341006289280684,0.8379486055033729
0.8843394998569172,0.7706605310123695
0.707728860839091,1.276437347186876
1.2297822349291323,1.2699153817092315
0.8063332383223338,1.3381737057699175
1.3364515103875916,0.8293095082875012
1.1295180129353195,0.7184444877549603
1.1607045243189538,0.7158516224529924
0.9391180567014404,0.8988454485778544
0.6065127314937944,1.3961912616009742
1.1751597482985403,1.3770512987360377
1.0960412618175979,0.8646693521246
1.1547380699966996,0.9090098327931648
1.0598051065226952,0.7083103756965715
1.3707495594394519,1.347690691021646
0.9006890890147206,1.222744096469829
0.8682512450630209,0.8262106207535123
0.870961459602596,1.2637562720401379
1.0712252006217626,0.9623219526960448
0.6905315729468944,0.9958926003224151
0.7495263052414375,1.3708805227316219
1.330182179887982,1.0214072884958774
1.1982411728937947,0.7719895807703556
1.3227306687748954,1.0043711045596246
1.1057215189272362,0.7603265759963744
1.0168134797945596,1.1456708057687592
0.8719131181694852,1.1694690858728114
0.8440898676337215,0.6052891621489834
0.774264422227963,0.8471957601920295
0.6559039485414976,0.6386850235052643
0.712305345831234,0.6607771201534506
1.1728960873634888,0.7997121908387448
0.787841236785051,0.6047555327345533
1.020661117260917,0.6939163769015408
0.9104654187097311,1.2595222320263795
0.760697387814594,1.2333248393344665
0.6041748393349408,1.3419911466262442
1.1152403197934844,1.149380360817403
0.8877187932861456,0.6875512896381095
1.1222055835288471,0.6693557455423038
1.3366841531418787,0.9560938913218057
0.6903759321003199,0.7133812317548028
1.3302972741385393,0.7431350478664349
1.15625040195611,1.1992336690172254
1.0984237119586069,0.6456451531090293
0.664973567285876,1.3359056971348462
0.9266997792733582,1.3266249791792664
0.9316662928798236,1.291713413857495
1.0882657664087594,1.0093759309072143
0.7914589000421286,1.0625138244303929
1.3695058002821245,0.8400102469580655
1.204922443878563,1.369845985378434
1.176419866814273,1.2214537200093525
0.6774005560200095,1.0108388744599834
1.2781082571642655,0.8708616558661094
0.6690280233910308,0.7918265856037608
0.9323433476340963,1.2760956139500201
0.627451366894932,1.2741323543004466
1.239526245850179,0.8771723385145148
0.666796021815075,0.7455545317308957
0.6694332745667647,1.0679958764059045
0.6726795583580015,0.6944699842539203
0.8995683113343507,1.3439240280352802
0.8870292838294053,1.15044216917447
0.6330241664468079,0.8529337614304724
0.6682649692817779,0.8511319102795485
0.9378731471301924,0.9439109438193374
1.3299368822691038,1.1863424673826848
0.7753182073597582,1.3765487684228905
1.0611550432300916,1.390156564920137
0.6306045672231467,0.7860316244325636
1.3700630608149014,0.6659067936563009
1.191760822456073,0.7194274800225283
1.203851614311168,1.084295649305167
0.9187662821522166,0.8790070715838925
1.255845769781303,0.733689362437529
1.334393864284101,1.0900200499980128
1.0988413403820572,1.0478564667388017
1.1826983746376327,0.9149496767044016
1.0231405713113697,1.2759932361113115
0.8821107622670619,1.398241399438769
0.8214066209019971,1.3822531195418937
1.0059359319587065,0.7365298920687539
1.345326365284665,0.6454154574839299
1.1076532687892922,1.2699566282721855
1.2573628388321583,0.8137040539149645
0.7039104750077018,1.2148077128825931
0.8340585277243324,0.686068356625491
1.0841903974812142,1.1881579336790917
1.332056371852043,1.0520680476660291
0.6119448701864472,1.0801880154854138
0.6307599690316611,0.9841658579761161
1.1405559034141324,0.7505364943468686
1.3546372842128551,0.8440960926142153
1.060560382920887,1.3775745228794054
0.798952306218192,0.7021378235708626
1.163601334038451,1.1751287138951605
0.8725780908993703,1.2203705943365222
1.371717149205483,1.395670722576884
0.9224509975131706,1.2299018385128617
1.0906150066218472,1.093437339005965
