1.007865436394065,0.8493143789951548
1.0299246970001876,1.302080043318096
0.6287147239468859,0.8961944984156525
1.2561600459634965,1.0034775137138114
0.6037048767199699,1.2101388924953222
1.0312576198232835,1.0672919704751178
1.2845068120856769,1.0302422772153244
0.7765864544832004,1.0539533774467253
1.0792788931189556,1.0898089703707736
0.8975835268418854,0.9129865915157763
0.914487111254244,1.3045247965889184
1.3104317957810885,1.350380861543192
0.9016187865193351,1.2772465134887407
0.6532459799214616,0.9565741425250782
1.272796241151238,1.0499169847052976
1.3350372730353883,0.7174072383073825
1.2673396387997453,0.8340109284886944
1.2861266170164471,1.2679794998048575
1.183988237569787,0.889201197984475
0.8448456923004316,1.029179898013327
0.8583066538853861,1.3322592370759017
1.0880782554899393,0.9001219817587526
1.2447534638139528,1.383821089008657
0.6169778483477754,1.296326665614113
0.8155115408272391,1.121192698788826
0.6617803660478494,1.069668951476595
1.0436759287664268,0.8272798251984552
1.2751198032026576,1.1567491211215906
0.7614156853101541,1.3384785758402036
1.1528945200484784,1.0241953634463312
1.3608251208400945,0.6433346740783181
1.0469048656882114,1.0902254369364277
0.9739825814669884,0.9628744376977654
0.9446674213720353,0.9355639922268887
0.6025952704995264,1.1547285122328521
1.3361369152680813,1.1473945548953357
1.2344901767523737,1.1270372938577613
0.983815282848427,1.3132467142036337
1.0346270990886979,1.085022349793763
1.3957389711080759,1.0921853076125383
1.3600034381533144,1.2830455254383608
0.9333327784457565,1.1266271432574593
0.7103531129327806,0.764368931440121
1.1142888735517416,1.363566231513732
1.3414956688331123,0.8839420343403204
0.7335555910124113,0.9553784477096998
0.661345342865379,1.0339307516363518
0.8290151683989061,1.2371257573052588
1.3251313398337519,1.3436832860168317
1.316783786087083,0.6222271797765312
1.2316352409054199,0.8168700724567388
1.2055158380283788,0.6247697151063764
0.8998418297174711,1.3603693026982013
0.917957494284558,0.7037301735897463
1.2509930863893652,0.6105902175874348
0.8336571158681656,1.2260773284832016
0.8893680564105246,1.284883644893364
0.6268270364445274,0.9551148301115762
0.9244748457901675,0.9991975789767855
0.6761447741565344,1.0085818267000066
0.8859754181622552,0.8819001382316216
0.9061324988220387,0.7540821697686049
0.7071120823143822,0.7759136353204718
1.3047679139763098,1.0467492249073906
0.9082891064564087,1.0794238685121518
0.6234462873742047,0.9870996472526052
1.3683389419665146,0.9654212727584506
0.7506370956527797,1.2028090965010656
1.0899298622991456,0.9893844632694038
0.6972948885360887,0.8993184841178377
1.1608375999999985,1.1723105126418116
0.6348349453240474,0.9721463337601152
0.8883283985770942,0.8144034309219494
1.286603399696216,0.6908824848103836
1.3498550203438464,0.9739255722656976
1.3687807420994584,1.2656194955821025
0.6990833466283162,0.7141738990788576
0.9220706538255731,1.0267244807527671
1.292297659010786,0.9426245076935487
1.3355189459215286,1.102135024283156
0.8854864724243188,1.306686842004097
0.8052285406951744,1.3958231875207041
0.9388186430977734,1.1657962624327554
0.7728722487865545,1.3019371618543676
1.1732006576190965,1.2525791752621598
1.135822075847014,0.6687008455718307
0.785400790902987,1.07351324053127
0.8818709301296047,1.152039503257031
0.8362763330118947,1.2402414066051195
0.7840251855835371,1.3092859457868307
1.1131214236777711,1.1189042953922819
1.297356330731272,1.0323050083243992
0.6289166521359135,1.1666438187638017
1.097012180288859,1.3340358845816023
1.2303429563203823,0.656502819603403
1.057125543910997,1.2153030400077185
1.2820587789734357,1.0417289225383222
1.1166149254320137,0.8150098181071235
0.9475252642848245,0.8288615461199809
1.266063090600459,1.012469942541972
0.6588334056454135,0.7467756212981187
1.2474807955040976,0.7182564672309887
0.9068133036285505,0.7120677979714827
0.8223528857880462,1.0317370402342065
0.9229402336301611,0.6552620214834679
1.3206782058493145,1.216579775374427
1.1285711045740756,0.9543727772292412
1.240237158549618,1.074136743249766
1.159758663673783,0.6014673774555015
1.098306310783803,0.8392093735737557
1.2410839792676909,0.6101090421670191
0.9666338595556532,1.2751976455310752
1.3611763060931625,0.9396553285016053
0.8431439297178729,1.2820352801994979
1.0399056057775304,0.7547026195866082
0.8586396860896217,1.398536865172591
0.7982839477867978,1.0598040388652472
0.8496882635094282,1.3613912399298669
1.0062054223618944,1.0587791118126368
0.9306420506464037,1.2920011443797939
1.3352828174974145,1.3121296566283724
0.6034717023031981,0.6779401147528104
0.6298978676058165,1.046228047253921
0.9921317252492796,0.8639119605943449
1.0395592202999002,1.1433403092881003
0.9973926486018808,1.208392797484969
0.8321919151733944,1.1043608455077898
0.9085433517935925,0.985755496444056
1.1300807541602278,0.922985498811248
0.8181256100822494,1.0820776243365893
1.342721829500954,0.8946429838397627
0.6384670759864537,0.9750532224754647
0.9650201688483717,0.7499622131501212
0.6625444488873172,0.8218469833912919
1.381058101484679,0.6191859467139533
0.7678469384059038,0.8676635682601037
0.991447956189526,1.358702664074632
0.877303644113328,1.2619564382865307
0.8513555807570421,1.1819114847768417
0.7391249866109038,1.3862902738849558
1.1071806932146175,1.366447202447879
1.2232286632294254,0.6752517972119618
1.0542243993731093,0.7592424494933012
0.8119626092167115,0.9535697453316234
0.687308375565896,0.7517707626768113
0.9073293907333083,1.196817495023145
1.1774333322324488,1.2733028933374448
0.6562457945171966,1.2749312057071742
1.2361328581719526,1.0915061723094077
1.2345629792057018,1.1739195747049012
1.0483391861690168,0.922013514941608
1.355453280790932,0.823030628318032
1.3493477664963784,1.0745844167651997
0.7628103324761453,1.1225425786796275
0.8955508498237238,0.7124505427519306
1.0048540408248272,1.345824212315687
1.3304733952947885,1.1424636753971797
1.3486042835038066,1.244960614581624
1.3314140020592897,0.7267216633643373
1.1843130723152018,1.0117058206837866
1.3123267189390433,1.1281065005579778
1.2886528103580601,0.7196409921925487
0.7181356737690071,0.9514525913862748
0.874210519813319,0.9859590561126694
0.724014913472205,1.3991207215593993
1.225832742951967,1.084069463821585
1.2995620768440714,1.1736965605391922
0.7411215035890327,0.7058474372434675
0.9931363866302203,0.6091449026363445
1.3127160433086016,1.0942898289411975
1.1800232522738612,1.1830475532078348
1.1820502441948086,1.2555999511889222
1.3053328397835255,1.2543489729304378
1.0914945275466288,1.0374129107808083
1.347061579322196,0.9273683502699577
0.7745476776057174,0.903609759401415
0.724933142907803,0.6929031094973007
0.7332041521738892,1.1156894755563203
1.0820371176136434,1.3768989299042267
1.0740718060966754,1.3480296816296364
1.1837863189709745,1.3110724317810558
0.9239689241855895,1.0771633724704182
1.0414566318430962,0.763885282767803
0.8974169834406838,1.04700460668696
1.356488493639785,1.0776568551624146
1.1893047689116476,0.8960530403380553
1.195926437970071,1.3608617750164953
0.6768608609646284,1.2344490617790975
1.2475861165053272,1.1074091248648794
0.7114657892868566,1.1760646855509775
0.8412445624597611,0.8825707618027814
1.0727659186868153,1.169379339583514
0.6978089929648208,0.6282709473335419
1.372270102605557,1.373196218904778
1.1627200271544766,1.14600767795462
0.881014772322829,0.8592193262152894
1.0050524693824416,0.6923188526599765
1.3776840368850722,1.0831685458677054
0.6325066097776966,1.2458112647922341
1.1565871750973142,0.979356917521267
1.0596783045785219,0.7105419703825919
0.7716168682866457,0.6323073446561219
0.7299501843797931,0.9884683904881915
1.1921747112886303,0.773347346979485
0.6583016312693352,0.8012496014155632
1.3591786836392843,0.794425468747892
1.3230136309372635,0.957281263728331
1.001032318675608,1.0377445013739257
1.0240985675289067,0.6486851843487724
0.966007300653672,1.2891550401446323
0.6150501644329843,0.7429444307365138
0.6135039040808224,1.2766711908930821
1.2098420084311274,0.6794204090514375
1.3860018666322373,1.2825034125308081
0.8473426130691766,1.1461868034124287
0.8578522833970363,0.9758085680410944
0.7193512309663301,0.9578636610101496
1.1598785426906715,0.9248947471959648
1.115811889731435,0.9064531896759793
0.6553382964707248,1.372708433167491
0.7301915997484193,0.8082716028653285
1.1709648582956032,1.1900201904658196
0.81460951486345,0.9364200432658878
1.3130194237861283,0.7558433163644647
1.0504416266868353,1.2919332382696764
0.7137101884785939,0.7434389785963519
0.7708077370294477,0.6738167507802397
0.6875133076541129,0.8488813091633123
1.2894205905562317,1.3534379778743655
1.3444370525717702,0.7070643753626541
1.285061003745332,0.9950860530099012
1.1088808202199898,0.6514064191009535
1.3318397493715284,0.6666107655779628
0.9893465008696438,1.0443904070080654
0.6852102351331087,1.0971846141651658
1.0255735242350694,0.7342729425975024
1.1955065491888477,1.1613782160735888
1.3156410716037121,0.9041991382460384
0.7636591512682831,0.6519816326196503
0.7034996351575997,0.9570607155327306
0.6725214706477544,0.906170104522835
1.1639474358993247,1.2347892719475477
0.9774096297499069,0.8630390614565875
1.1323519062801966,0.8259795823976098
0.8002340338654284,1.382630804408968
1.1494972043846778,1.2508519149712858
1.121716247980253,1.0686154078946726
0.862599667021204,0.834461006565651
1.3981806365758525,1.3882880161023399
0.6892774150962423,1.3628027196128563
