1.055811469664245,1.0910222112720853
1.2281336750508283,0.6539746264463037
1.2717565312122578,0.9698279347903691
0.9341895754579753,1.1482940689151753
1.322131616006386,0.6249138090691551
0.8989217256443305,1.3602123340426913
1.1504292591072485,1.2851104196461605
0.8631014639733602,0.6860959523315829
0.6112337572549738,0.9250043580007155
0.6710320063373509,0.8285592571997866
1.0706232952899766,0.8908659789968187
1.147686311123195,1.1534091605708912
1.229357137614354,1.0075475633069078
1.119948920920062,1.3488213143715222
0.8468903902525305,1.3188669277892824
1.0343862316271233,1.3292316509623499
0.6253168183572154,1.2120673825048014
0.6550925219121916,0.6567792731968278
0.8393516647005764,0.6259824959319195
1.3548367877733614,0.6641716765883243
0.9697472627495165,0.6418434401671619
0.8607370656420512,1.3607218303936572
0.9549983448462362,1.3610993854485027
0.6328341995678719,1.0985069370181448
1.35411260821646,0.7298580401012797
0.6058927047462804,0.7691715967843584
1.2070262670266216,0.981818736659348
0.6529297198906518,1.3681021752575004
1.2177824002669946,1.1300469759948761
1.0650889936360575,1.0894659797942996
0.645934767754834,1.3257772481387797
0.7434373132897695,1.1073397290782303
0.679424690667062,1.0336158144032384
0.7797781717248856,1.0191546599399177
0.627061169895796,1.1046091181598565
0.62226054263432,1.0519119532600736
1.223511793893058,1.3318556810908588
1.3082337335416498,0.7648001026738285
0.8558669817442796,1.0081044966786123
0.8225608401917288,1.276179257986898
1.1484381664313266,0.8236042950700437
0.6374776326232001,1.178463069586464
1.1823788856597846,1.0061542262307241
0.9571348902816735,1.1510912247556928
0.9523637323245806,1.2854007455305578
1.0724309696637266,0.8856769534484092
1.0749763821867921,1.0809210570170993
1.3879071330705977,0.938744510680086
1.3768608598670007,1.1528811926134925
1.3847549399551549,0.7035800406991121
1.149670034322685,1.0809792573320158
0.9029769182316942,0.7315145338021463
0.9818995166928015,0.9697168595372112
0.751514062926859,0.7552953189664893
1.3264892831823152,0.7567196531570326
1.0893221273546692,1.1455999102225598
1.2223756770944165,1.1518175911519855
0.916672973059496,1.335656742750944
0.6540506538568954,0.6963349224651165
0.8481269914214151,0.6497755807737485
0.7343950725808919,1.2683065180658124
0.9246614548401695,0.6388312395239033
0.7652841248239658,1.1841397928326534
0.6345592676303188,1.0919357611962823
1.3696708807179279,0.910190463574182
1.0194391820351907,1.328171413784107
0.9429161371604203,1.3977157133593308
0.8264666508152333,0.6749868739981395
1.3499238730928536,1.2183467189659742
0.7617060429980899,1.1324036424625366
0.6711826281481297,0.7978570453281775
0.621771074002955,0.7095193282728625
1.344542861232723,0.8072920569398896
0.831886950811388,1.0719319580546542
0.8059050148315461,0.9665095541722242
1.2422083680313611,1.0390050260139119
0.6518210265927461,1.3920147802848999
0.6784352861910918,0.7103499291930747
1.1647127135972166,1.3740482079660823
1.3244041314180182,1.0664051334428306
1.3250569525798772,0.8076690894479885
1.044291194062703,0.9428540346678109
1.2989061231192527,0.8310251919332295
1.3869704786525623,1.0139183541324637
1.3757583908637616,0.6846171195627442
1.0213892707278402,0.8837734238329347
0.9555693227928217,1.1645349272539414
0.9389573126645794,1.3557425241964456
0.9743341743930463,0.9454946323984459
0.7361395812827838,1.068947599500976
1.121795578111036,1.200862609898305
1.2469385030551097,0.8311696389898697
0.8834727981215584,1.1422010832924365
0.6974754554240756,0.9313096588136198
1.0828181831561245,0.7045085883315321
1.3060441044657138,0.7010334604357805
1.0386546705495974,1.2864839486949637
0.9482539257766534,0.8763386340224366
0.9654582220517778,0.6095562057798313
1.1973108019820695,0.8807477356209703
1.3387839677197564,0.8594021401795929
0.7515425211224009,1.0238018116380452
0.7508490381590069,0.7605632124372742
1.2681770702864168,0.7193428262432173
0.922743874817252,1.3375021084973826
1.1743952786639857,1.2708831035665433
0.8551281346264772,1.3366049335849621
1.2840458437722488,1.0299480619770096
1.333377346139241,1.354569547682705
1.0002681975285919,1.195217358728362
0.6209692680266391,0.851287717284839
0.7459657910642334,1.076673409160616
1.391619162566219,0.8794657808683367
0.6024871906368965,1.2285735825926922
1.2673930845811716,0.9515758174714712
1.0089864840126654,1.1490956647640687
0.75028111521353,0.7425171202575302
1.1154346716824795,0.8287780436496527
0.8527946023382293,0.78253124335317
1.3103421632019265,1.0846535122354632
1.0294830023178254,1.1934243547425165
1.2896042183861385,1.246004693356982
1.117057448016742,1.0578048228180252
0.6521178503154808,0.6155146177220456
1.1866565419163662,1.3143271345188188
0.8178953427642773,0.6820067947225879
0.8478283719130757,0.7901849470796005
0.7014710588124946,0.9223399201497637
0.9342811722812215,1.105334780003742
0.6426578684425162,0.6445834635513117
1.2636283060761704,1.212702150856809
1.2249668493505341,0.7876629153557505
0.8806677091878171,1.3495660939347889
0.7567188199390364,1.239242667604784
0.7370794826186781,0.7945754464705768
0.7757738344132383,0.9288616847773864
0.6423733991927424,0.9116573844656225
1.1018130390521175,0.6025483596731818
1.062202694746952,1.1801766909603137
1.0476057479278542,0.7242039477673974
1.0767816512405433,0.6182564504498775
1.0499769188408805,1.252812792257874
0.8793396508334259,0.9786136101613571
0.6035744400826428,1.2952456610768457
0.9132059613578236,0.9270199382543567
0.720798099074365,1.2338383374480228
0.9349584952932128,0.7686897177281061
0.7490795969383901,0.6327758002398602
0.6230195892865736,0.989733896530762
0.7716958685538686,0.8122557036205998
0.8160610995894705,0.9517826921457326
0.9841301981206817,0.8324891389749138
0.8956980234817632,0.7028917721551495
0.667460762460918,1.153715216999469
1.2902819923622824,1.2436457810612498
0.9288766273402147,1.1188710945769218
1.096305728717717,0.7819394898263214
0.9453705370604721,0.7761687508407475
0.6611694855459533,1.1347605622760755
1.0184815236105782,0.6745252915798351
1.268898212316044,1.0648190704699065
0.8847007510696598,1.1056100988433146
1.3627247145437527,0.7384444541495121
1.3581839057831602,1.1652606503251217
0.6581618276895471,1.0599062043807796
0.7811743719450843,1.0633415336349186
0.8742989372495784,1.2928262686686482
1.1812543010903145,0.9798640619552217
1.0636794227277608,1.2808205657092604
0.6304675010623735,1.2143454921564865
0.6996991287586007,1.142751779137961
1.0066972242559884,1.144941992176531
1.3655267574001928,1.172988866681564
0.786623242143374,0.8251419410381811
1.167226264858833,1.3212070394778752
0.6356067512322199,0.9484539693315993
0.7556518168562224,0.8225952459662479
0.6616473048324041,0.7961878396734334
0.7266413185426548,0.6441863718975241
0.7750554503092105,0.9989132081922865
0.9971717845785366,0.9074383698339383
0.9727088728870223,1.1407833248369235
0.6670159580311399,1.3035355572271985
1.0681922343013364,1.2444929848959272
1.3218482348491598,0.7027235131149455
1.1806000296029873,1.1879975043143953
0.9760728532216361,1.2712152932255079
0.9211007542225542,0.711487055924184
1.158822943794649,0.7073386998812733
1.0470662999969118,0.6295195363671049
0.7082784142888775,0.8924200458408716
1.3080053616466512,0.856865218790381
1.256856500426137,1.1446329719933703
1.3025631032635594,0.7248501079457924
0.9783974240752941,1.2940017407398086
1.1514879838555117,1.1008291475951841
1.088334581900408,0.8762770613988264
1.0578259187530072,1.0401943990309217
1.2041484876400266,0.8026627571803666
0.7761795570056567,0.8520082290406311
0.9802582571099794,1.0660019618670624
0.9902017690589672,0.7906142865722888
1.3310688634461758,0.8289671064880185
0.936951230097792,0.8447217656827896
0.7372957509002213,0.8023567963385078
0.6738057165041381,0.8683709725281683
1.0308923312050058,1.1758701344296862
0.7162675650534884,0.8874110249527223
1.0406203517782802,0.7382700725556237
0.7637325695285491,0.7789157669733704
0.6030410398015484,0.8579873636144459
1.2110163601804427,1.089297502652152
0.9202656339878097,1.1577141779501412
1.3400921971938842,1.3650428274818374
0.6455181650963439,0.9592921544321709
0.7228317200046595,1.1872007582055382
0.9994985726071985,0.7069618791553508
0.7829345433570831,1.0880251972310773
0.747494133938714,1.302880001516704
0.9022750605761496,0.7693725067867507
1.3551518008371213,0.735536725554872
1.2833077108544235,0.6887526135930832
1.2891302067839345,0.7449761651185458
0.7405028988352205,0.9235647976853588
0.6615043840619292,0.6889612168215985
1.1457070435088803,1.0620908806250937
1.3309066894910244,1.2599458835314576
1.1054118351094808,1.3930069044496316
0.7510941944406082,0.9396889676790754
0.7535476525410998,0.8436571984491936
0.7810094375502128,1.2735756436452599
0.9899249377129029,0.7773330092154316
1.2277384474844786,0.8376513583026362
1.0104212319667263,0.6136604600207615
0.7553701147265857,0.88549714045947
1.2830968174461423,1.0947405117777858
0.9859420587677654,0.7877791802340084
0.6743264243556029,1.0161387300342557
0.9881615333503301,0.7947369952696555
0.7303314876227176,1.226951184622165
0.6488203912830851,0.9045595255824656
0.9124258868061,0.9797879550255297
1.167795449455272,0.7690686277137708
1.095973457298988,1.2668752689128797
0.6039931540915531,1.247369802614978
0.9714168014111118,1.1555474145889546
1.198667253620183,1.0763704537998775
0.7329398704598487,0.7317514847584584
1.3447112985977563,0.7364416780733398
1.0003983133961465,1.1350109389492071
