1.31369898317735,1.3896365690937866
1.0485052184603303,1.2446546726211527
1.3433665891603461,1.2376537015859683
1.1705815417623089,0.9088403238158367
1.1650591612751482,1.003745362589779
0.8729584985180097,0.7550171129856886
1.046684789917195,1.0854839545806998
0.6867143553236854,1.0374501870297266
1.1030848554645094,0.6401332288151069
1.2321857994015781,1.2203090003949244
0.8084526334356631,1.142894486754789
1.3181240519140571,0.8018474529348188
0.9194556668278844,1.1665202904618908
0.9127445654557469,1.1321363572853336
1.1418569014939077,1.171020747511115
1.1254060944698892,0.6746555405821782
1.2041769816866992,1.0114981501235878
1.2982997830202443,0.6869473025372169
0.9958665570588303,1.2305839177597893
0.693096274105603,0.8129514561082476
1.328830313666097,0.9178752208411648
1.0271374131847084,0.7063882533086796
0.740198532766697,0.9921245294358559
1.1317445429568638,1.034168525516941
0.7350162824467761,1.3425822728492403
1.2658165660681946,1.149582176662567
0.7669561993544677,1.1241596168491026
1.353231007236009,1.140920763335418
1.0568447767286848,1.0758047141148177
0.970006983232542,1.2630350559862444
0.8238860962524862,1.3107002201322089
1.2045282161135753,0.7291377285755253
1.2273878159706313,0.8009069853199675
1.060702141003931,1.2086271082435829
0.7479434144974224,0.9260453383865735
1.2229622618688825,0.8869859869103728
0.685722703695737,0.8930567937928912
0.6395833257354866,1.3273637608981326
1.2389039297909803,0.7939846038163514
1.194187030154879,0.7396392041589143
1.0257089689095533,0.9376757517465948
1.0330980685591844,0.9936207627108988
0.8403428447149379,1.387136069701764
1.1137613541963383,1.1304187957381804
1.0764771807447904,1.2538541021797314
0.9381609172671508,0.9940158527121428
0.7883808331913145,1.2668900999987336
0.8934339410208133,1.0302235413770435
0.9037862551102943,0.956645415965703
1.216697398656338,1.2335232690571596
1.2099457526972102,1.168730138352364
1.382098107453799,0.6291593452994623
1.197263725057425,0.8966304022073908
0.7274263907877682,0.9214839328983833
1.2138321033565145,0.9656128600432687
0.7218600653987431,1.2816590115191242
0.7726744036906124,0.8038620597658176
1.3441680831702632,1.290347242080445
1.2103735597386989,1.0279993788033923
0.7029002047188733,1.0333862790537272
1.2992623557231764,1.3181662738869926
0.8597275894194287,1.3321101745827044
1.035579649306678,1.3563403722160807
1.3785667865465614,0.9382461109749907
1.066170097422538,1.2147040566926757
1.1844761316355288,1.0877394726462573
0.834702317842722,1.0492563771655057
1.113696182712079,1.202439324179413
1.1589051083797282,0.7048970647774395
0.7128492178900182,0.7496534486639748
0.6705068124372138,1.246749770380818
1.1028507817480486,0.8171035434766002
0.738779974574364,1.2137905544120886
0.6661159425065595,0.8870585310687735
1.2170482674921854,0.686565221685967
0.6379593944556462,1.23262256763171
0.7704440025599293,0.9481158842825212
0.6664039080620363,0.6489911813930446
1.1814872224905537,0.8142159733603912
1.308563382259209,0.686766384713473
1.043855292320854,1.3973540059406202
1.008149236090036,0.8761588923600655
0.6932938660636889,0.9344496625117402
0.8246070238573823,1.344684624352975
0.9209517632408042,1.3171138218264957
1.352471830546404,1.1596714028458681
0.9713052162631328,0.7988782193382231
0.7854582108012976,1.1473036632082598
0.9552170481468336,0.8538329313877997
1.017564635144402,1.3462250585984323
1.3200296854864155,1.148386324134536
1.0591409207022118,0.854936317537499
1.3110580685534905,0.7742603639776955
0.8707518492610484,0.6159577810416439
0.7341551184961576,0.9970339116082838
1.2738120697919864,0.6576501949920293
1.3335301031524487,0.6550225087889585
0.6198400915033805,0.8887059204670038
0.750066157915917,1.1168387940900222
0.9587165076902422,0.9615073577575992
0.8064226285408934,1.1031394100096974
1.3888210513650898,0.7222380727624949
0.9573756870076471,0.8573216446325729
0.7542304467026847,0.7863067034349602
1.178136358048394,0.7886843046462644
1.0183228398604474,0.9501161536608163
1.297668869650123,1.176627379943705
0.9626904760752004,1.0327652939901204
0.9756705081853033,1.0952981775315622
0.8524223670286987,0.8009925663376251
0.8627354898644096,0.6883062446909712
1.0206294279042678,1.2630495616666715
0.8751560518740082,1.3423858648313476
1.009183414650709,1.3183488540269903
1.3570221832235578,0.6474503674901066
0.6295044194051364,1.2736094434004708
1.009551910619444,1.385536152567669
1.282271833297702,1.2389683812239085
0.7351763746138505,1.1746222153351118
0.6603728320057668,0.7616461453653696
1.2118865044268032,1.3675477464975323
1.3941777743609676,1.2776017462424019
0.7141600755483388,0.6668794301171355
1.3789629924244138,1.0822975773566696
0.6577165672097044,0.9734855942598712
1.0075411060939814,1.0280649351411784
0.6054356985222367,1.0548465471951751
0.751834640033514,1.2032090741003887
1.284769234743033,1.0378436092320713
1.1080730317867404,1.1287297073216518
1.202142085216583,1.1876501820396366
0.647981297022928,0.631679024849952
0.8688806808846596,1.0865849213303806
0.7740264172580896,1.283013771731568
1.2765165706799197,0.8867150979428853
0.7287183424554649,1.2677173501359345
0.78773249957695,0.6323295323823825
1.0289867140726707,0.6784155913687187
1.0067906057518201,0.9533355074449132
1.286282795582539,1.3360016470321223
1.2336089459206656,0.7913220172138911
1.045877656459005,1.38659980250563
0.8493390257864801,0.6144069984068062
0.8019365603003632,0.8174709833006181
1.2554425301810483,1.2643109340780905
1.2324835913661047,1.0067484202604293
0.6327177025800721,0.8535628229462832
1.2633013858876092,1.0345186012620182
1.181720575031687,1.0620435361144183
0.721310013206623,0.6889185844891021
0.8648798015533437,1.2284689507489692
0.6490093213359888,0.6529857675242345
1.0904137131698943,1.2253789262228127
0.7471553485402673,1.323013835005518
0.8293805211139961,1.271693009226953
0.9961930591449899,1.0650257246320574
1.2882659236076492,0.9853489760874422
0.8832331644471767,1.3841263340412082
0.9966961304766324,0.7023741305413341
1.1923553916929763,1.1680007457641683
1.0870673331506706,1.106633189350164
0.9115188570557728,1.3880723593291198
1.2513608465013557,1.0594799721933292
0.7138719573895961,0.6697388832962786
1.1425150025959225,1.0902824290151856
0.9558831626309183,0.9872234800715558
0.641589321500479,0.732691505818096
1.0122769221410821,0.790834429173301
1.0040348527896024,0.9217313207088845
0.753205851569323,0.6672761951149873
1.3800465886979574,1.145007025961415
0.8456723268296392,0.7709401545510082
1.1107031187072498,1.207298567854627
1.3483314630368546,0.8682116480116654
0.8175287265192679,1.087001966054486
1.3003055927045502,1.2097547792010168
1.0917469811319895,1.2112363176977485
1.0445708513165262,1.123310629907686
0.6409593754316568,1.2380565802657528
0.9676473050937593,0.9314492648135421
0.7957083433806316,1.175418510961701
0.6867372957999451,0.8976251112810171
1.0633689453849362,0.6214971692646459
1.0347714883223156,0.786467973272977
1.3568013334680398,0.9203949910564356
0.8730782910976917,1.1194816935352414
0.6245628121345657,0.9957815636260452
1.302339640604844,0.7833374902220466
1.3276912621007375,1.373817813589287
1.0135988704248393,1.1896912863572955
1.3405280629206149,0.7929240636797653
0.9924516177484473,1.1708330188105653
1.2830048494556958,0.8824005116336755
0.6733802797499171,0.6209776217046076
1.3970039069668403,0.860389027178316
1.2062075975380533,1.238710865000899
1.039344070927556,1.0121880337589646
1.3037963371312715,0.631237630891039
1.2037921411250214,1.0896796088626433
0.803545399393277,0.9925767396109089
1.2310589328356518,1.0926547398238418
0.7780250778084781,1.101465901632782
0.6466833790756831,1.1406089435999842
1.2220003467631466,1.3922712500471506
1.227944533847449,0.751377501759583
1.043023565995509,0.9911678326559648
1.033159128232057,1.0816507007329643
0.8543905446487889,1.3861131409456942
0.8301673621992331,0.6961926020122686
0.6381751230645654,0.8711868308904879
1.3456211502472593,0.6478064361125038
1.1191839499271592,0.7655774416869903
1.0474250420083053,1.2550143560282219
1.0368744150684666,1.259423906920392
0.749148102411271,0.8188469089347555
0.6080592289547386,1.1343683032393792
1.0245618087517272,1.2861587929122453
1.3209153605700292,0.929524909681175
1.26415287130994,1.131184606337075
0.9935602152791589,1.3569421990625936
1.003466263011333,1.3936366541867367
0.6888960658583707,1.0638932819356905
0.9335007743639585,1.2811398263908056
0.9691966775519636,1.2116544216556866
0.8637055519459408,1.288263161372761
0.614846732698298,1.1294280388947338
0.8782901907973513,1.3096745122532991
1.3344715999662395,1.3213631310154244
1.0582847641579902,1.1177334926442508
1.0375284946232517,1.2420821515557008
0.6596387120124543,1.293205796797284
1.1425788375309498,1.2039389737960344
1.1434020790264983,0.9763814384456708
0.8717557990640632,0.6007240117123828
0.7545640039439434,0.7780884832426328
1.2093350162639758,1.0947044612720689
0.631448052049992,0.6878599104897387
0.75496982518116,0.6553934113025629
0.6019242457551494,1.3942547633571873
0.8536263451327823,0.8124179892241112
0.9807022137248569,0.9254194138534257
0.9049724964355436,0.7441534354747665
1.398869422667966,0.8295089735943466
0.8358278896746603,1.196239674754382
1.2455447273793285,0.9221289200512972
1.252355483239139,1.2061701822013204
1.2812096560055701,0.9659525315170723
1.2506480921943353,1.352288619192923
1.3374460378080133,1.0813767757455806
0.7699329264763857,1.3981193034467538
