0.8006066908475624,1.1726866289509628
0.9296883326868076,1.275651861830724
0.6610080515629138,1.2054101929704992
0.9414707091291186,1.3666699365409445
1.2700776578126918,0.8690775401197461
0.9503981564732662,1.242980180220563
0.7441588307269803,0.6357860395712633
1.2490777251888967,1.0986431867081128
0.9774584136426717,1.1828382811284637
1.0660101770378851,1.3327184493541653
1.20234083476234,1.2593011508859986
1.176192142253172,0.8623835882113274
0.8552200272472202,1.2661959610800424
0.8004086906194141,1.3178632742625076
0.7568155507197795,1.2752967633639374
1.1464162064765748,1.0576779266157743
1.1281920474545273,1.2645466152661924
1.24730889691281,1.2188101382407774
0.9839387780286938,0.9287003695282625
1.059897457937574,0.7236952191708443
0.9091272463684364,1.29675885014526
1.3436063887567102,1.2014694341059053
1.3204570926861334,1.2418981904638713
1.342058852975512,0.7176898624933555
0.950640126856262,0.9391793461154114
1.159175815291964,1.1628239051221954
0.9379214626338706,0.7608979787887609
1.0082038431132951,1.0708236543781462
1.296715071672839,1.2465580687326137
1.1101739008397475,0.609317075702822
0.8528692189258371,1.3813293590777338
0.8722424809171435,1.056038902050448
0.7367873486558049,0.8031312592110962
0.6292774664338185,0.8803801934491062
1.1892335502874105,0.737315005572935
0.9392010579771186,0.6378796971398919
1.3720574818135254,1.0150272249304162
0.6030095088730685,0.9048596380266698
1.053730039534658,0.9549213142159203
1.1913894190556058,1.3072180138827396
1.041998724620296,1.206503818020611
0.8439019179808063,0.7333273974701302
0.8720970016835845,0.661659789295296
1.0064198779486768,1.308750688243095
1.0604660283226557,1.198018451332296
0.8712072485363946,1.3251032374963203
0.8786704800417469,1.29115153995921
1.2624737152706342,0.916512713894609
1.1279766783632645,0.6791273737964325
1.241606950125334,0.7641685109251599
1.2575579080864232,1.381821872526939
0.9592222144094334,1.2181417553073972
0.7678312665028753,0.6254637828716967
0.8506441113047728,1.2981377501314446
1.0921387030421927,0.9666953069433875
0.9951697124346943,1.3492895990377787
0.7594192847933975,1.1172233735399473
1.1868441834792196,0.83013564872615
0.6405533256836189,1.3309311410955802
0.9292167042454526,1.0252214231327827
1.0671184698272203,0.9627018552393876
0.8164746029045129,1.3463800852765293
1.0951077399838904,1.1393023122780395
1.3605333711415408,0.9262546141230219
1.138760926267828,1.0423607296400155
1.2685881299399802,0.7777184756703193
0.8665411743162188,1.3877190516634528
1.0253814870795765,1.2124373518865732
1.1402208406020684,0.7047307670159711
0.7928496439298938,1.078460018230707
1.2730336112944074,1.0992210731355283
1.1701520807355132,1.2055629912693107
1.0063135330820276,1.3490722358243354
1.0431231614749588,0.7019990792081887
0.9064185984035495,0.766892914870132
1.3862319606222628,1.215697384029082
1.3973639433934806,0.9505413709726324
1.205385715706385,0.8314811603546468
0.8811766859181831,0.9012468192009819
0.8397381297809041,1.197562006625764
0.8007833402824891,0.8088420884915032
0.7537075745275761,0.8270582781815783
0.7410008522733054,1.18577167415704
0.8678985499764028,1.2180310351374226
0.9716235199756773,0.6454444878175729
0.8426518274845334,0.8830684984040722
0.7217210309046489,1.1193075580910152
1.3662080168094661,0.725512733078591
1.3291598020846487,1.142326120697472
1.3224176742614464,1.3424162460352949
1.0074701747011057,0.9322345721408971
1.2655890233983738,0.6344220482100453
1.1208621239873608,1.018463743477855
0.6403316068983189,0.8390748547999961
1.3781633038545957,1.3298285638208618
1.344895221150607,1.2067057298332171
1.293003586308418,0.6012333207527023
0.8525091141018484,0.8182763401417887
0.6471585969453356,0.8200288949564487
0.8198485211019473,1.323443699364253
0.7682987169452415,1.0030654588028989
1.1267313945179847,1.0029085795901593
1.0155360744179962,1.3815327420113812
1.1557884686273632,1.0590577649265192
0.9452455002097264,0.6468851786866668
0.9561899826853644,1.0815599492144528
1.19481938107162,0.874357134306961
1.0199350287629019,1.007253448775724
1.3955678871170554,1.215542613038385
1.067214441180296,0.8770763778544358
1.216021488933181,1.1635113835423034
1.1416431963439257,1.1515415188483258
0.823476357565652,0.9983948357773764
1.1187439886874166,1.173519624167911
0.6350874732520791,0.7658830216605195
0.6226479685749592,1.0433522297115865
0.8191914261220818,0.9137873155339076
1.0464324340202045,1.2046566068156772
0.9957812433009483,1.260027644791783
0.6290677383275669,0.9526135558707537
1.1950334234905717,0.9865172300443893
0.6149475455946879,0.8846771029339731
0.8066159713260057,1.1506192365603023
0.9431494466600752,1.265965103539635
1.399839203893689,1.103564688831157
0.6662718607892362,0.7198912194254377
0.953388751177294,0.7353900667887778
0.6862583252594205,1.2638862914969224
0.8485121568593884,1.2697012290770675
0.8442018842682539,1.1480979552823105
1.2503040897450282,1.2787943903169343
1.1752478261015928,1.1855827769723195
0.7870882270979229,1.1245380079010023
0.8459037886449258,0.9782996520504724
0.6995508134869522,0.9333411931864908
0.9099310430633856,0.78859569044287
1.0428674039044754,0.9389977913870535
1.0173772148958264,0.8990609909103134
0.6103748563072303,1.0238636838358899
1.0919256823059165,0.8862209432302675
0.7676006141903657,0.9672753281111118
1.3788793338194438,1.290200954092305
1.279165653269871,0.6740308642298821
1.3567447612594905,0.7348821004970914
0.9159695165093662,0.8432411912119581
1.0948493537154111,1.0005490449266616
0.8248177372632464,1.004066908799291
1.071943868842503,0.9863735868643906
0.6390726814719078,1.1924313602826202
0.9941357723162915,0.7137654016017414
1.2495596502712127,0.9164037201984941
1.1568836965080358,0.7668136359738329
1.0005723880846886,1.2151053132943805
0.8380303623693512,1.0906853230238267
1.3271533494055965,0.6217789361552721
0.7657263975462776,1.2705311451175798
0.8745078090227957,0.6393409851427584
0.9602374770102293,0.6197848583355985
0.703178953791562,0.9277503502433603
1.324592210243452,1.0686540368408846
0.9605202719580461,1.3227720779678007
0.783848417412228,1.130987617503058
0.9681013337663446,1.313978767544575
1.1676346969780236,0.8205848334323054
1.1784913021110803,1.3060663305702265
1.0929444443522143,0.9901106629819523
1.091288576304985,0.7538378389301938
0.6231077020704321,0.6060744363943096
1.2352137197604378,1.266369139885531
0.8144854417839517,0.6448173441411309
0.6285477725796832,0.9156035968164472
1.215974417609405,1.2266662190543953
1.2452811510483919,0.9177483327349981
0.8451985920312406,0.9409626679126413
0.7121036215557444,0.9954923159962423
0.7688097320651991,1.2263845842579
0.9404501051553462,0.6473562661034704
0.7066865185327749,1.2693003412556236
0.8680640930593623,1.109282675078152
0.6430412516971443,0.9247635165892283
1.2328917578418164,0.7702536956683366
0.9856817319791179,1.3781151795687339
1.3133052317529914,1.313072471509562
1.3518012374052149,0.8485617273827979
0.8755959344342535,0.6296854033034951
1.105898750235288,0.9185327052825377
1.378045907177971,1.0617634962894207
1.3645163884763925,1.0364864372467748
1.0799167182800635,1.340160910799965
1.0654262368006604,0.9828510670948309
1.1339750959638502,1.128593364654169
1.338529771877885,0.7774497383631723
0.8531288660560028,0.9120168070202179
0.8828756657004144,1.2139511363100386
1.292372032210665,0.6283862310953161
0.7459046648465429,0.8628186607350203
1.1669923353685214,0.6992392407068327
1.1452274613011943,1.1379734021226784
0.7890889920298506,1.2254653248674412
1.1096950469749522,1.2292714566524885
1.3802236863826327,0.8025457581600287
0.8540334931412046,0.846824316513985
0.6925496919188806,0.6842592602383349
1.1297009652435621,0.6953254850070381
1.0159343318268417,1.1973095165325207
0.794531031776244,0.9153475152348044
1.2513543312402198,1.174230050921982
0.8194321804784352,1.3432700955671024
0.9319062288272926,1.0396933417933893
0.708471614432052,1.0459687425566846
0.6752652158991466,0.9267463709419673
1.005709208308175,1.2838213215381047
0.8151736181428361,0.6572450312827768
0.8280752216125054,1.3811582033189191
0.6901345969879777,1.3070679330063038
0.6258609764731632,1.1107568677672073
0.8432399378644949,0.8248447654152852
0.6755865238774564,1.2062518278420207
1.3233923326445902,1.3059173252902037
1.072835717954237,0.6026032695768754
0.8115260395987771,1.1927460740848654
0.8872219636727681,0.6286069602544744
0.8739679664903579,0.7619151151824096
0.7464563713529336,0.7145322698269811
0.7772749437800498,1.1196987667221077
0.6461477721236102,0.7860971737342644
1.3213419985344288,1.0049415612586579
0.8686517650799588,0.9122718808902234
0.8657944231076041,1.0426388168223273
1.082383699867699,1.0246865949276764
1.2555570673556509,1.2019902194547956
1.0279532640971387,0.840779048859471
1.2180061788859324,0.7156465434195827
0.8711200124645713,1.322198353802236
0.7741398881637497,1.3398718596929098
1.2623134157486935,1.180409800478797
0.8935881663516634,0.6235682502026852
1.14660094273644,1.0722925156228422
0.9721083955033382,0.7101076735224698
0.7785352597469761,0.7746504919360611
0.6769609433733734,0.7112498536207266
0.9688118344216932,0.9521009642251574
1.280580777953978,0.6615923271933957
0.8081301095654103,0.8498762015618683
0.7781158791790572,1.2370208027093272
0.7417852760995315,0.7350745816748955
0.6373880340085767,0.6023813763955567
1.3834544504760462,1.1205856674294927
1.0667987562758232,0.9481994771388862
1.242366328893624,1.1530361180335704
